subject	item	sentcond	questcond	dependnum	starttime	endtime	subresp	correctresp	accuracy
1	82	 9	 7	1	4573625	4577810	7	7	1
1	83	 9	 6	1	4588238	4589939	6	6	1
1	81	 9	 7	1	4611212	4613038	7	7	1
1	32	 8	 6	1	4656316	4657947	6	6	1
1	4	 4	 7	1	4677212	4678864	7	7	1
1	23	 7	 7	1	4699669	4701137	7	7	1
1	29	 5	 6	1	4721059	4723000	6	6	1
1	30	 6	 6	1	4761104	4762820	6	6	1
1	27	 3	 7	1	4770161	4771577	7	7	1
1	3	 3	 6	1	4828836	4830315	6	6	1
1	31	 7	 7	1	4841628	4842913	7	7	1
1	11	 3	 7	1	4855433	4856990	6	7	0
1	6	 6	 7	1	4864661	4866092	7	7	1
1	17	 1	 6	1	4874349	4875767	6	6	1
1	21	 5	 6	1	4915297	4917225	6	6	1
1	8	 8	 7	1	4927189	4928967	7	7	1
1	20	 4	 6	1	4935527	4937606	6	6	1
1	12	 4	 7	1	4944241	4946928	7	7	1
1	19	 3	 6	1	4953919	4957289	7	6	0
1	25	 1	 7	1	4989629	4991265	7	7	1
1	24	 8	 7	1	5000029	5001825	7	7	1
1	28	 4	 7	1	5072291	5074085	7	7	1
1	13	 5	 6	1	5115541	5116858	6	6	1
1	22	 6	 6	1	5127311	5128587	6	6	1
1	10	 2	 7	1	5146255	5148414	7	7	1
1	9	 1	 6	1	5170901	5172896	6	6	1
1	18	 2	 7	1	5189666	5191201	7	7	1
1	5	 5	 7	1	5206599	5208655	7	7	1
1	7	 7	 6	1	5225332	5230187	6	6	1
1	1	 1	 7	1	5242295	5244401	7	7	1
1	2	 2	 6	1	5264352	5268278	6	6	1
1	15	 7	 6	1	5289007	5290654	6	6	1
1	16	 8	 7	1	5312657	5314954	7	7	1
1	26	 2	 6	1	5336352	5340075	7	6	0
1	14	 6	 6	1	5365225	5367951	6	6	1
2	83	 9	 6	1	2293142	2296378	6	6	1
2	82	 9	 7	1	2328281	2330848	7	7	1
2	81	 9	 7	1	2338480	2340603	7	7	1
2	8	 1	 7	1	2349163	2351807	7	7	1
2	14	 7	 6	1	2386897	2389513	6	6	1
2	21	 6	 6	1	2429294	2430883	6	6	1
2	7	 8	 6	1	2449255	2452297	6	6	1
2	11	 4	 7	1	2460683	2463938	7	7	1
2	12	 5	 7	1	2486423	2488652	7	7	1
2	30	 7	 6	1	2507513	2509538	6	6	1
2	6	 7	 7	1	2538538	2541480	7	7	1
2	23	 8	 7	1	2549026	2551309	7	7	1
2	3	 4	 6	1	2559621	2561324	6	6	1
2	32	 1	 6	1	2570581	2572171	6	6	1
2	13	 6	 6	1	2585003	2586263	6	6	1
2	19	 4	 6	1	2593584	2597491	6	6	1
2	29	 6	 6	1	2604939	2607641	6	6	1
2	10	 3	 7	1	2638467	2641258	7	7	1
2	22	 7	 6	1	2689633	2691367	6	6	1
2	26	 3	 6	1	2702624	2704716	6	6	1
2	24	 1	 7	1	2713388	2719768	7	7	1
2	25	 2	 7	1	2729344	2731193	7	7	1
2	15	 8	 6	1	2749345	2750420	6	6	1
2	2	 3	 6	1	2765895	2767607	6	6	1
2	1	 2	 7	1	2822019	2824173	7	7	1
2	17	 2	 6	1	2837914	2838971	6	6	1
2	4	 5	 7	1	2872993	2874930	6	7	0
2	20	 5	 6	1	2882946	2884959	6	6	1
2	9	 2	 6	1	2895235	2896313	6	6	1
2	31	 8	 7	1	2974681	2979764	7	7	1
2	27	 4	 7	1	3010850	3013723	6	7	0
2	16	 1	 7	1	3031034	3033837	7	7	1
2	5	 6	 7	1	3058143	3060662	7	7	1
2	28	 5	 7	1	3078991	3080808	7	7	1
2	18	 3	 7	1	3090526	3092505	7	7	1
3	83	 9	 6	1	28109023	28111033	6	6	1
3	82	 9	 7	1	28119113	28121495	7	7	1
3	81	 9	 7	1	28148259	28149786	7	7	1
3	11	 5	 7	1	28189151	28191943	7	7	1
3	29	 7	 6	1	28240648	28242779	6	6	1
3	18	 4	 7	1	28336981	28339292	7	7	1
3	20	 6	 6	1	28367060	28370200	6	6	1
3	26	 4	 6	1	28383136	28385989	6	6	1
3	2	 4	 6	1	28413082	28416283	6	6	1
3	14	 8	 6	1	28426584	28430237	6	6	1
3	31	 1	 7	1	28453718	28461294	7	7	1
3	6	 8	 7	1	28500063	28502696	6	7	0
3	4	 6	 7	1	28559579	28561005	7	7	1
3	24	 2	 7	1	28580612	28582913	7	7	1
3	27	 5	 7	1	28599028	28600702	7	7	1
3	30	 8	 6	1	28611534	28613381	6	6	1
3	22	 8	 6	1	28618903	28620492	6	6	1
3	16	 2	 7	1	28626616	28629062	7	7	1
3	28	 6	 7	1	28636277	28638493	7	7	1
3	1	 3	 7	1	28697242	28699909	7	7	1
3	21	 7	 6	1	28705924	28707678	6	6	1
3	3	 5	 6	1	28714425	28716038	6	6	1
3	10	 4	 7	1	28728874	28730901	7	7	1
3	7	 1	 6	1	28741198	28744911	6	6	1
3	25	 3	 7	1	28758640	28760819	7	7	1
3	5	 7	 7	1	28784409	28786319	7	7	1
3	19	 5	 6	1	28794099	28797237	6	6	1
3	13	 7	 6	1	28809767	28811428	6	6	1
3	9	 3	 6	1	28841325	28843724	6	6	1
3	15	 1	 6	1	28850047	28851465	6	6	1
3	12	 6	 7	1	28875994	28878211	7	7	1
3	32	 2	 6	1	28884655	28886469	6	6	1
3	8	 2	 7	1	28901991	28903237	7	7	1
3	23	 1	 7	1	28909738	28911245	7	7	1
3	17	 3	 6	1	28934543	28936152	6	6	1
4	81	 9	 7	1	7308508	7310753	7	7	1
4	82	 9	 7	1	7326615	7329797	7	7	1
4	83	 9	 6	1	7337627	7338941	6	6	1
4	27	 6	 7	1	7345338	7346635	7	7	1
4	31	 2	 7	1	7380066	7381268	7	7	1
4	21	 8	 6	1	7402598	7404160	6	6	1
4	29	 8	 6	1	7415732	7417012	6	6	1
4	4	 7	 7	1	7422338	7423334	7	7	1
4	22	 1	 6	1	7438696	7440682	6	6	1
4	28	 7	 7	1	7504144	7505450	7	7	1
4	11	 6	 7	1	7512539	7513927	7	7	1
4	7	 2	 6	1	7568785	7570549	6	6	1
4	13	 8	 6	1	7577161	7578174	6	6	1
4	24	 3	 7	1	7599859	7601743	7	7	1
4	30	 1	 6	1	7613486	7614360	6	6	1
4	1	 4	 7	1	7622329	7624195	7	7	1
4	10	 5	 7	1	7646139	7648944	7	7	1
4	12	 7	 7	1	7659016	7660258	7	7	1
4	32	 3	 6	1	7677005	7678407	6	6	1
4	20	 7	 6	1	7690207	7693130	6	6	1
4	6	 1	 7	1	7706796	7708687	7	7	1
4	5	 8	 7	1	7730604	7732138	7	7	1
4	2	 5	 6	1	7773299	7775136	6	6	1
4	8	 3	 7	1	7785240	7786576	7	7	1
4	23	 2	 7	1	7803427	7804505	7	7	1
4	3	 6	 6	1	7814507	7815604	6	6	1
4	19	 6	 6	1	7835435	7837569	6	6	1
4	25	 4	 7	1	7871328	7872330	7	7	1
4	15	 2	 6	1	7894815	7895772	6	6	1
4	26	 5	 6	1	7905724	7906865	6	6	1
4	17	 4	 6	1	7919293	7920220	6	6	1
4	16	 3	 7	1	7956706	7957956	7	7	1
4	14	 1	 6	1	7970980	7972243	6	6	1
4	18	 5	 7	1	7982935	7984148	7	7	1
4	9	 4	 6	1	8001795	8002813	6	6	1
5	83	 9	 6	1	4653725	4655329	6	6	1
5	82	 9	 7	1	4663907	4665229	7	7	1
5	81	 9	 7	1	4669573	4670622	7	7	1
5	23	 3	 7	1	4684310	4685477	7	7	1
5	17	 5	 6	1	4698618	4700270	6	6	1
5	32	 4	 6	1	4709265	4710720	6	6	1
5	30	 2	 6	1	4722850	4723956	6	6	1
5	24	 4	 7	1	4728818	4731213	6	7	0
5	12	 8	 7	1	4743594	4745962	7	7	1
5	2	 6	 6	1	4759803	4761211	6	6	1
5	5	 1	 7	1	4779338	4781310	7	7	1
5	9	 5	 6	1	4789783	4791067	6	6	1
5	19	 7	 6	1	4795491	4797914	6	6	1
5	21	 1	 6	1	4806316	4807569	6	6	1
5	8	 4	 7	1	4816265	4819363	7	7	1
5	15	 3	 6	1	4823737	4824845	6	6	1
5	4	 8	 7	1	4846473	4847691	7	7	1
5	16	 4	 7	1	4852063	4853931	7	7	1
5	14	 2	 6	1	4865824	4867126	6	6	1
5	10	 6	 7	1	4873213	4876945	7	7	1
5	3	 7	 6	1	4881649	4882898	6	6	1
5	31	 3	 7	1	4903084	4905199	6	7	0
5	11	 7	 7	1	4915473	4917054	7	7	1
5	18	 6	 7	1	4933143	4934313	7	7	1
5	6	 2	 7	1	4939645	4942059	7	7	1
5	1	 5	 7	1	4962100	4963027	7	7	1
5	22	 2	 6	1	4982928	4984249	6	6	1
5	28	 8	 7	1	5014992	5016648	7	7	1
5	25	 5	 7	1	5021790	5023316	7	7	1
5	20	 8	 6	1	5027837	5029250	6	6	1
5	13	 1	 6	1	5041417	5042281	6	6	1
5	29	 1	 6	1	5050845	5051889	6	6	1
5	7	 3	 6	1	5056715	5058139	6	6	1
5	26	 6	 6	1	5065667	5067031	6	6	1
5	27	 7	 7	1	5087557	5088520	6	7	0
6	83	 9	 6	1	2716960	2718970	6	6	1
6	81	 9	 7	1	2723632	2725325	7	7	1
6	82	 9	 7	1	2740348	2742838	7	7	1
6	32	 5	 6	1	2761734	2763289	6	6	1
6	28	 1	 7	1	2775000	2777205	7	7	1
6	30	 3	 6	1	2783000	2784163	6	6	1
6	21	 2	 6	1	2801081	2802425	6	6	1
6	8	 5	 7	1	2845149	2846888	7	7	1
6	2	 7	 6	1	2871595	2874139	6	6	1
6	22	 3	 6	1	2900509	2903766	6	6	1
6	5	 2	 7	1	2909195	2911121	7	7	1
6	27	 8	 7	1	2924715	2926002	7	7	1
6	24	 5	 7	1	2943737	2947106	7	7	1
6	13	 2	 6	1	2976131	2977399	6	6	1
6	3	 8	 6	1	2992243	2993842	6	6	1
6	12	 1	 7	1	3024160	3027389	7	7	1
6	19	 8	 6	1	3034664	3041333	7	6	0
6	23	 4	 7	1	3046603	3048254	7	7	1
6	9	 6	 6	1	3062914	3065182	6	6	1
6	16	 5	 7	1	3073434	3075085	7	7	1
6	4	 1	 7	1	3084108	3085703	7	7	1
6	31	 4	 7	1	3105422	3106961	7	7	1
6	14	 3	 6	1	3122816	3124383	7	6	0
6	18	 7	 7	1	3136241	3138040	7	7	1
6	1	 6	 7	1	3143410	3144793	7	7	1
6	10	 7	 7	1	3155240	3158385	7	7	1
6	15	 4	 6	1	3164780	3165970	6	6	1
6	29	 2	 6	1	3171293	3172906	6	6	1
6	7	 4	 6	1	3183226	3185542	6	6	1
6	11	 8	 7	1	3191582	3193576	7	7	1
6	25	 6	 7	1	3198598	3199706	7	7	1
6	26	 7	 6	1	3208235	3210168	6	6	1
6	17	 6	 6	1	3217585	3218856	6	6	1
6	6	 3	 7	1	3225260	3227175	7	7	1
6	20	 1	 6	1	3248298	3249648	6	6	1
7	83	 9	 6	1	2993200	2994948	6	6	1
7	82	 9	 7	1	3014776	3016928	7	7	1
7	81	 9	 7	1	3021432	3023232	6	7	0
7	13	 3	 6	1	3066120	3067865	6	6	1
7	4	 2	 7	1	3086906	3088394	7	7	1
7	30	 4	 6	1	3103788	3104919	6	6	1
7	29	 3	 6	1	3114699	3116930	6	6	1
7	16	 6	 7	1	3142709	3143925	7	7	1
7	26	 8	 6	1	3153601	3155271	6	6	1
7	28	 2	 7	1	3166388	3167879	7	7	1
7	18	 8	 7	1	3172897	3174000	7	7	1
7	10	 8	 7	1	3187616	3188854	7	7	1
7	23	 5	 7	1	3193569	3194702	7	7	1
7	3	 1	 6	1	3199568	3200660	6	6	1
7	5	 3	 7	1	3213940	3215202	7	7	1
7	27	 1	 7	1	3225426	3226249	7	7	1
7	20	 2	 6	1	3247207	3249433	6	6	1
7	14	 4	 6	1	3261063	3263172	7	6	0
7	21	 3	 6	1	3289069	3290401	6	6	1
7	2	 8	 6	1	3304699	3307197	6	6	1
7	24	 6	 7	1	3314912	3316032	7	7	1
7	1	 7	 7	1	3343159	3344190	7	7	1
7	8	 6	 7	1	3351008	3351960	7	7	1
7	31	 5	 7	1	3365220	3365895	7	7	1
7	19	 1	 6	1	3385446	3388378	6	6	1
7	9	 7	 6	1	3395367	3397045	6	6	1
7	25	 7	 7	1	3402609	3403711	7	7	1
7	12	 2	 7	1	3410236	3411337	7	7	1
7	22	 4	 6	1	3417427	3418807	6	6	1
7	6	 4	 7	1	3476149	3478734	7	7	1
7	11	 1	 7	1	3487674	3489023	7	7	1
7	15	 5	 6	1	3504343	3505349	6	6	1
7	7	 5	 6	1	3536842	3538919	6	6	1
7	32	 6	 6	1	3547358	3548766	6	6	1
7	17	 7	 6	1	3588770	3589902	6	6	1
8	82	 9	 7	1	1729084	1732079	6	7	0
8	83	 9	 6	1	1751422	1752526	6	6	1
8	81	 9	 7	1	1775607	1777169	7	7	1
8	16	 7	 7	1	1810547	1812375	7	7	1
8	29	 4	 6	1	1821969	1823504	6	6	1
8	24	 7	 7	1	1840017	1841698	7	7	1
8	8	 7	 7	1	1850222	1851987	7	7	1
8	19	 2	 6	1	1876544	1880744	6	6	1
8	32	 7	 6	1	1887882	1889090	6	6	1
8	31	 6	 7	1	1902339	1904702	6	7	0
8	12	 3	 7	1	1915312	1917019	7	7	1
8	11	 2	 7	1	1923777	1926312	7	7	1
8	14	 5	 6	1	1932810	1934410	6	6	1
8	1	 8	 7	1	1940379	1942392	7	7	1
8	2	 1	 6	1	1949755	1951468	6	6	1
8	15	 6	 6	1	2012793	2014222	6	6	1
8	27	 2	 7	1	2044257	2045893	7	7	1
8	10	 1	 7	1	2071680	2073421	7	7	1
8	30	 5	 6	1	2094470	2095842	6	6	1
8	26	 1	 6	1	2140755	2142469	6	6	1
8	17	 8	 6	1	2158946	2160356	6	6	1
8	23	 6	 7	1	2167121	2168537	7	7	1
8	3	 2	 6	1	2181293	2182316	6	6	1
8	9	 8	 6	1	2196288	2198259	6	6	1
8	28	 3	 7	1	2211031	2217408	6	7	0
8	5	 4	 7	1	2223347	2225865	7	7	1
8	18	 1	 7	1	2254773	2256336	7	7	1
8	25	 8	 7	1	2269560	2272797	7	7	1
8	20	 3	 6	1	2290805	2292191	6	6	1
8	21	 4	 6	1	2324754	2326062	6	6	1
8	4	 3	 7	1	2337250	2338527	7	7	1
8	22	 5	 6	1	2355119	2356632	7	6	0
8	6	 5	 7	1	2385764	2387645	6	7	0
8	7	 6	 6	1	2394312	2397049	6	6	1
8	13	 4	 6	1	2423841	2424859	6	6	1
9	83	 9	 6	1	9031793	9034805	6	6	1
9	82	 9	 7	1	9047562	9049699	7	7	1
9	81	 9	 7	1	9062726	9065024	7	7	1
9	30	 6	 6	1	9076841	9078183	6	6	1
9	27	 3	 7	1	9090770	9092124	7	7	1
9	26	 2	 6	1	9107323	9109215	6	6	1
9	25	 1	 7	1	9126364	9127676	7	7	1
9	19	 3	 6	1	9133701	9136924	6	6	1
9	16	 8	 7	1	9148714	9150998	7	7	1
9	31	 7	 7	1	9227452	9228883	7	7	1
9	28	 4	 7	1	9262068	9263748	7	7	1
9	14	 6	 6	1	9270138	9272828	7	6	0
9	17	 1	 6	1	9296394	9298650	6	6	1
9	10	 2	 7	1	9306411	9308632	7	7	1
9	13	 5	 6	1	9316530	9318217	6	6	1
9	2	 2	 6	1	9354320	9358577	6	6	1
9	11	 3	 7	1	9380141	9381586	6	7	0
9	3	 3	 6	1	9399527	9401133	6	6	1
9	20	 4	 6	1	9409318	9410727	6	6	1
9	23	 7	 7	1	9418282	9419578	7	7	1
9	6	 6	 7	1	9430846	9432920	7	7	1
9	24	 8	 7	1	9445823	9448538	7	7	1
9	8	 8	 7	1	9455301	9457033	7	7	1
9	32	 8	 6	1	9462886	9464573	6	6	1
9	7	 7	 6	1	9476794	9478845	6	6	1
9	5	 5	 7	1	9491150	9493167	7	7	1
9	1	 1	 7	1	9533755	9535191	7	7	1
9	12	 4	 7	1	9546347	9548080	7	7	1
9	18	 2	 7	1	9553741	9555434	7	7	1
9	15	 7	 6	1	9586304	9588515	6	6	1
9	22	 6	 6	1	9596017	9597849	6	6	1
9	21	 5	 6	1	9603581	9605793	6	6	1
9	29	 5	 6	1	9612658	9614755	6	6	1
9	9	 1	 6	1	9624237	9625901	6	6	1
9	4	 4	 7	1	9632983	9634213	7	7	1
10	83	 9	 6	1	14117187	14119404	6	6	1
10	82	 9	 7	1	14139416	14142081	7	7	1
10	81	 9	 7	1	14150692	14151838	7	7	1
10	24	 1	 7	1	14177230	14179462	7	7	1
10	19	 4	 6	1	14207657	14209787	6	6	1
10	8	 1	 7	1	14232169	14233624	7	7	1
10	23	 8	 7	1	14246958	14248340	7	7	1
10	27	 4	 7	1	14278186	14279668	7	7	1
10	10	 3	 7	1	14322083	14323488	7	7	1
10	22	 7	 6	1	14334514	14335700	6	6	1
10	25	 2	 7	1	14342243	14343665	7	7	1
10	15	 8	 6	1	14348549	14349878	6	6	1
10	20	 5	 6	1	14384364	14385974	6	6	1
10	14	 7	 6	1	14403049	14406294	6	6	1
10	2	 3	 6	1	14421731	14423370	6	6	1
10	28	 5	 7	1	14433980	14435697	7	7	1
10	7	 8	 6	1	14457123	14460678	6	6	1
10	11	 4	 7	1	14491563	14492889	7	7	1
10	32	 1	 6	1	14533410	14535821	6	6	1
10	29	 6	 6	1	14549125	14551188	6	6	1
10	12	 5	 7	1	14564944	14566713	7	7	1
10	26	 3	 6	1	14575532	14577527	6	6	1
10	17	 2	 6	1	14586140	14589047	6	6	1
10	6	 7	 7	1	14608223	14610278	7	7	1
10	3	 4	 6	1	14639704	14641252	6	6	1
10	9	 2	 6	1	14655261	14656579	6	6	1
10	21	 6	 6	1	14668870	14670140	6	6	1
10	18	 3	 7	1	14681517	14683881	7	7	1
10	30	 7	 6	1	14702434	14703528	6	6	1
10	16	 1	 7	1	14721321	14723161	7	7	1
10	1	 2	 7	1	14789065	14790130	7	7	1
10	13	 6	 6	1	14817161	14818396	6	6	1
10	5	 6	 7	1	14826606	14828583	7	7	1
10	4	 5	 7	1	14845705	14847748	7	7	1
10	31	 8	 7	1	14854811	14857352	6	7	0
11	83	 9	 6	1	16473028	16474619	6	6	1
11	82	 9	 7	1	16496901	16499454	7	7	1
11	81	 9	 7	1	16512553	16514189	7	7	1
11	13	 7	 6	1	16522947	16524458	6	6	1
11	28	 6	 7	1	16545989	16548739	7	7	1
11	17	 3	 6	1	16568768	16570424	6	6	1
11	1	 3	 7	1	16576010	16577342	7	7	1
11	26	 4	 6	1	16589761	16591460	6	6	1
11	22	 8	 6	1	16612607	16614395	6	6	1
11	16	 2	 7	1	16632963	16634936	7	7	1
11	2	 4	 6	1	16650645	16652012	6	6	1
11	29	 7	 6	1	16658724	16660714	6	6	1
11	30	 8	 6	1	16665775	16666836	6	6	1
11	31	 1	 7	1	16674466	16675693	7	7	1
11	25	 3	 7	1	16689569	16690750	7	7	1
11	12	 6	 7	1	16701239	16702529	7	7	1
11	19	 5	 6	1	16714388	16715951	7	6	0
11	6	 8	 7	1	16743183	16744803	7	7	1
11	23	 1	 7	1	16751970	16752868	7	7	1
11	27	 5	 7	1	16798633	16799703	7	7	1
11	10	 4	 7	1	16815868	16817117	7	7	1
11	32	 2	 6	1	16823765	16825113	6	6	1
11	8	 2	 7	1	16844494	16847538	7	7	1
11	15	 1	 6	1	16862280	16863735	6	6	1
11	3	 5	 6	1	16895767	16897354	6	6	1
11	14	 8	 6	1	16909688	16911431	7	6	0
11	5	 7	 7	1	16932467	16934434	7	7	1
11	7	 1	 6	1	16945414	16947432	6	6	1
11	4	 6	 7	1	16952423	16953353	7	7	1
11	9	 3	 6	1	16968144	16969349	6	6	1
11	24	 2	 7	1	16993333	16995783	7	7	1
11	11	 5	 7	1	17029819	17031393	7	7	1
11	20	 6	 6	1	17057493	17058701	6	6	1
11	18	 4	 7	1	17071435	17072870	7	7	1
11	21	 7	 6	1	17087289	17088824	6	6	1
12	82	 9	 7	1	27952562	27955666	6	7	0
12	81	 9	 7	1	27961318	27962973	7	7	1
12	83	 9	 6	1	27986292	27988248	6	6	1
12	4	 7	 7	1	28000550	28002168	7	7	1
12	30	 1	 6	1	28007546	28009565	6	6	1
12	9	 4	 6	1	28015774	28017584	6	6	1
12	16	 3	 7	1	28030687	28032665	7	7	1
12	10	 5	 7	1	28049694	28051312	7	7	1
12	18	 5	 7	1	28062348	28063516	7	7	1
12	5	 8	 7	1	28069719	28071816	7	7	1
12	15	 2	 6	1	28088924	28091465	6	6	1
12	19	 6	 6	1	28102390	28105423	7	6	0
12	2	 5	 6	1	28132806	28134894	6	6	1
12	14	 1	 6	1	28158584	28160849	6	6	1
12	24	 3	 7	1	28167560	28169944	7	7	1
12	27	 6	 7	1	28175215	28176525	7	7	1
12	12	 7	 7	1	28186778	28188467	7	7	1
12	22	 1	 6	1	28194016	28196057	6	6	1
12	26	 5	 6	1	28201950	28204466	6	6	1
12	7	 2	 6	1	28215938	28218625	6	6	1
12	8	 3	 7	1	28264991	28266290	7	7	1
12	28	 7	 7	1	28280701	28282288	7	7	1
12	1	 4	 7	1	28287449	28288960	7	7	1
12	17	 4	 6	1	28295068	28296500	6	6	1
12	23	 2	 7	1	28306446	28308032	7	7	1
12	21	 8	 6	1	28318599	28321224	6	6	1
12	20	 7	 6	1	28326617	28328391	6	6	1
12	29	 8	 6	1	28338117	28339481	6	6	1
12	31	 2	 7	1	28346006	28347473	7	7	1
12	6	 1	 7	1	28369420	28370598	7	7	1
12	3	 6	 6	1	28380167	28381994	6	6	1
12	11	 6	 7	1	28400518	28401875	7	7	1
12	32	 3	 6	1	28412943	28414657	6	6	1
12	25	 4	 7	1	28461882	28463379	7	7	1
12	13	 8	 6	1	28474240	28475489	6	6	1
13	83	 9	 6	1	1761020	1763836	6	6	1
13	81	 9	 7	1	1791101	1793041	7	7	1
13	82	 9	 7	1	1809284	1810796	7	7	1
13	17	 5	 6	1	1823989	1825301	6	6	1
13	6	 2	 7	1	1833982	1835664	7	7	1
13	25	 5	 7	1	1841795	1843541	7	7	1
13	5	 1	 7	1	1851012	1853235	7	7	1
13	19	 7	 6	1	1870856	1873898	6	6	1
13	2	 6	 6	1	1881347	1883593	6	6	1
13	20	 8	 6	1	1894530	1896189	6	6	1
13	4	 8	 7	1	1908538	1909715	7	7	1
13	31	 3	 7	1	1918122	1920627	7	7	1
13	10	 6	 7	1	1936291	1938172	7	7	1
13	13	 1	 6	1	2012134	2013669	6	6	1
13	23	 3	 7	1	2020681	2021876	7	7	1
13	22	 2	 6	1	2029617	2030708	6	6	1
13	7	 3	 6	1	2037151	2038939	6	6	1
13	15	 3	 6	1	2061875	2063696	6	6	1
13	29	 1	 6	1	2072124	2074059	6	6	1
13	30	 2	 6	1	2093577	2095214	6	6	1
13	8	 4	 7	1	2100763	2103078	7	7	1
13	12	 8	 7	1	2114353	2116043	7	7	1
13	24	 4	 7	1	2156595	2158453	7	7	1
13	1	 5	 7	1	2168577	2170385	6	7	0
13	11	 7	 7	1	2183879	2185145	6	7	0
13	28	 8	 7	1	2205257	2207128	7	7	1
13	32	 4	 6	1	2219449	2221364	6	6	1
13	9	 5	 6	1	2263557	2264823	6	6	1
13	27	 7	 7	1	2273439	2275439	7	7	1
13	18	 6	 7	1	2295625	2297027	7	7	1
13	21	 1	 6	1	2303703	2305045	6	6	1
13	14	 2	 6	1	2331328	2333331	7	6	0
13	16	 4	 7	1	2345251	2347177	7	7	1
13	3	 7	 6	1	2381023	2382523	6	6	1
13	26	 6	 6	1	2388770	2390812	6	6	1
14	82	 9	 7	1	4178585	4180700	7	7	1
14	81	 9	 7	1	4203988	4205280	7	7	1
14	83	 9	 6	1	4218528	4219593	6	6	1
14	25	 6	 7	1	4235521	4236832	7	7	1
14	9	 6	 6	1	4261346	4262526	6	6	1
14	32	 5	 6	1	4269633	4271398	6	6	1
14	22	 3	 6	1	4289518	4290748	6	6	1
14	18	 7	 7	1	4304948	4306693	7	7	1
14	12	 1	 7	1	4324428	4326564	7	7	1
14	16	 5	 7	1	4332779	4334500	7	7	1
14	29	 2	 6	1	4341644	4344282	6	6	1
14	11	 8	 7	1	4384039	4385469	7	7	1
14	30	 3	 6	1	4429340	4430388	6	6	1
14	7	 4	 6	1	4437740	4439313	6	6	1
14	14	 3	 6	1	4447542	4449192	6	6	1
14	19	 8	 6	1	4553596	4555378	6	6	1
14	24	 5	 7	1	4571161	4572492	7	7	1
14	5	 2	 7	1	4578757	4580232	7	7	1
14	17	 6	 6	1	4592775	4593961	6	6	1
14	13	 2	 6	1	4608807	4609865	6	6	1
14	23	 4	 7	1	4616118	4617443	7	7	1
14	21	 2	 6	1	4629756	4630926	6	6	1
14	27	 8	 7	1	4638261	4639392	7	7	1
14	10	 7	 7	1	4692221	4693405	7	7	1
14	26	 7	 6	1	4703236	4704954	6	6	1
14	31	 4	 7	1	4757957	4758889	7	7	1
14	28	 1	 7	1	4773757	4775035	7	7	1
14	3	 8	 6	1	4788895	4790187	6	6	1
14	6	 3	 7	1	4811612	4813411	7	7	1
14	1	 6	 7	1	4837497	4839098	7	7	1
14	20	 1	 6	1	4844807	4846541	6	6	1
14	4	 1	 7	1	4854023	4856387	6	7	0
14	8	 5	 7	1	4878393	4880133	7	7	1
14	15	 4	 6	1	4898656	4899572	6	6	1
14	2	 7	 6	1	4906930	4908527	6	6	1
15	81	 9	 7	1	9007836	9009795	7	7	1
15	83	 9	 6	1	9015376	9017207	6	6	1
15	82	 9	 7	1	9024901	9026732	7	7	1
15	2	 8	 6	1	9060858	9068033	6	6	1
15	8	 6	 7	1	9074217	9075475	7	7	1
15	29	 3	 6	1	9095561	9096806	6	6	1
15	28	 2	 7	1	9119512	9120872	7	7	1
15	23	 5	 7	1	9125951	9127167	7	7	1
15	3	 1	 6	1	9132537	9134162	6	6	1
15	4	 2	 7	1	9145020	9145982	7	7	1
15	9	 7	 6	1	9157796	9159138	6	6	1
15	32	 6	 6	1	9165085	9166125	6	6	1
15	27	 1	 7	1	9180713	9181974	7	7	1
15	30	 4	 6	1	9187926	9188887	6	6	1
15	6	 4	 7	1	9197171	9199427	7	7	1
15	19	 1	 6	1	9204970	9209563	7	6	0
15	13	 3	 6	1	9237865	9238809	6	6	1
15	12	 2	 7	1	9257477	9258793	7	7	1
15	20	 2	 6	1	9282497	9283813	6	6	1
15	10	 8	 7	1	9290073	9291255	7	7	1
15	21	 3	 6	1	9312107	9313911	6	6	1
15	7	 5	 6	1	9369678	9373332	6	6	1
15	16	 6	 7	1	9380190	9381745	7	7	1
15	26	 8	 6	1	9386936	9388259	6	6	1
15	18	 8	 7	1	9423110	9424253	7	7	1
15	11	 1	 7	1	9434251	9436990	6	7	0
15	5	 3	 7	1	9446204	9447433	7	7	1
15	22	 4	 6	1	9452654	9453855	6	6	1
15	24	 6	 7	1	9460139	9461309	7	7	1
15	31	 5	 7	1	9466684	9468145	7	7	1
15	17	 7	 6	1	9510820	9512190	6	6	1
15	1	 7	 7	1	9517644	9519239	7	7	1
15	25	 7	 7	1	9526964	9528305	7	7	1
15	14	 4	 6	1	9538833	9542706	7	6	0
15	15	 5	 6	1	9547439	9548727	6	6	1
16	83	 9	 6	1	6977790	6979437	6	6	1
16	81	 9	 7	1	7011196	7013578	7	7	1
16	82	 9	 7	1	7023876	7026249	7	7	1
16	5	 4	 7	1	7070719	7073613	7	7	1
16	6	 5	 7	1	7084421	7085825	7	7	1
16	16	 7	 7	1	7142449	7144323	7	7	1
16	22	 5	 6	1	7167571	7172539	7	6	0
16	3	 2	 6	1	7186638	7189143	6	6	1
16	11	 2	 7	1	7199619	7201702	7	7	1
16	25	 8	 7	1	7229397	7231007	7	7	1
16	12	 3	 7	1	7251229	7253674	7	7	1
16	4	 3	 7	1	7268084	7270846	7	7	1
16	15	 6	 6	1	7318240	7320933	6	6	1
16	8	 7	 7	1	7339530	7341658	7	7	1
16	30	 5	 6	1	7351059	7352335	6	6	1
16	7	 6	 6	1	7413233	7417127	6	6	1
16	18	 1	 7	1	7424181	7426648	7	7	1
16	9	 8	 6	1	7455195	7457928	6	6	1
16	1	 8	 7	1	7509605	7511680	7	7	1
16	20	 3	 6	1	7525147	7527897	6	6	1
16	13	 4	 6	1	7556973	7559208	6	6	1
16	21	 4	 6	1	7604476	7606685	6	6	1
16	14	 5	 6	1	7636739	7641961	7	6	0
16	2	 1	 6	1	7682802	7685779	6	6	1
16	19	 2	 6	1	7693692	7696244	7	6	0
16	28	 3	 7	1	7738237	7741410	7	7	1
16	23	 6	 7	1	7768110	7769934	7	7	1
16	31	 6	 7	1	7807528	7811226	6	7	0
16	26	 1	 6	1	7818650	7821140	6	6	1
16	32	 7	 6	1	7857274	7859727	6	6	1
16	27	 2	 7	1	7868751	7871391	7	7	1
16	29	 4	 6	1	7891062	7893084	6	6	1
16	24	 7	 7	1	7929640	7931868	7	7	1
16	10	 1	 7	1	7981670	7983791	7	7	1
16	17	 8	 6	1	8023535	8025789	6	6	1
17	83	 9	 6	1	1973860	1978594	6	6	1
17	81	 9	 7	1	1987709	1990593	7	7	1
17	82	 9	 7	1	1999076	2001587	7	7	1
17	16	 8	 7	1	2037253	2039173	7	7	1
17	24	 8	 7	1	2046093	2048382	7	7	1
17	20	 4	 6	1	2065020	2067582	6	6	1
17	14	 6	 6	1	2073386	2075621	6	6	1
17	4	 4	 7	1	2094496	2096249	7	7	1
17	5	 5	 7	1	2128293	2130662	7	7	1
17	28	 4	 7	1	2166090	2167941	7	7	1
17	8	 8	 7	1	2179477	2181951	7	7	1
17	13	 5	 6	1	2189454	2191290	6	6	1
17	30	 6	 6	1	2231347	2232934	6	6	1
17	22	 6	 6	1	2247097	2249504	6	6	1
17	3	 3	 6	1	2279224	2280614	6	6	1
17	31	 7	 7	1	2308401	2310118	7	7	1
17	27	 3	 7	1	2315672	2316929	7	7	1
17	11	 3	 7	1	2321540	2322788	7	7	1
17	19	 3	 6	1	2387916	2393487	6	6	1
17	9	 1	 6	1	2409157	2410857	6	6	1
17	18	 2	 7	1	2421367	2423496	7	7	1
17	10	 2	 7	1	2444698	2446731	7	7	1
17	12	 4	 7	1	2459547	2461495	7	7	1
17	26	 2	 6	1	2478207	2479861	6	6	1
17	21	 5	 6	1	2486084	2487541	6	6	1
17	29	 5	 6	1	2499661	2501343	6	6	1
17	1	 1	 7	1	2518689	2520899	7	7	1
17	23	 7	 7	1	2526939	2528324	7	7	1
17	32	 8	 6	1	2539743	2541385	6	6	1
17	7	 7	 6	1	2546890	2549147	6	6	1
17	2	 2	 6	1	2555161	2556983	6	6	1
17	17	 1	 6	1	2563419	2565257	6	6	1
17	6	 6	 7	1	2571591	2573018	7	7	1
17	15	 7	 6	1	2593819	2595227	6	6	1
17	25	 1	 7	1	2607926	2609193	7	7	1
18	83	 9	 6	1	11636515	11638934	6	6	1
18	81	 9	 7	1	11644630	11646106	7	7	1
18	82	 9	 7	1	11653565	11655203	7	7	1
18	13	 6	 6	1	11682785	11684422	6	6	1
18	32	 1	 6	1	11700780	11701958	6	6	1
18	6	 7	 7	1	11706772	11708278	7	7	1
18	17	 2	 6	1	11720497	11721889	6	6	1
18	8	 1	 7	1	11748900	11750433	7	7	1
18	12	 5	 7	1	11784677	11786340	7	7	1
18	1	 2	 7	1	11810594	11812761	7	7	1
18	9	 2	 6	1	11841493	11842526	6	6	1
18	4	 5	 7	1	11849002	11849949	7	7	1
18	3	 4	 6	1	11861532	11862747	6	6	1
18	18	 3	 7	1	11896679	11897931	7	7	1
18	24	 1	 7	1	11902805	11903968	7	7	1
18	10	 3	 7	1	11917610	11918910	7	7	1
18	15	 8	 6	1	11922872	11923997	6	6	1
18	28	 5	 7	1	11940062	11941484	7	7	1
18	11	 4	 7	1	11946695	11948093	7	7	1
18	27	 4	 7	1	11954261	11955192	7	7	1
18	5	 6	 7	1	11987519	11989069	7	7	1
18	2	 3	 6	1	11995567	11997484	6	6	1
18	7	 8	 6	1	12002538	12004471	6	6	1
18	25	 2	 7	1	12012705	12013705	7	7	1
18	14	 7	 6	1	12021943	12023311	6	6	1
18	20	 5	 6	1	12029955	12031163	6	6	1
18	26	 3	 6	1	12062515	12063804	6	6	1
18	19	 4	 6	1	12081952	12085223	6	6	1
18	22	 7	 6	1	12106881	12108314	6	6	1
18	21	 6	 6	1	12124457	12125593	6	6	1
18	23	 8	 7	1	12130994	12131736	7	7	1
18	31	 8	 7	1	12154446	12155365	7	7	1
18	29	 6	 6	1	12166398	12167388	6	6	1
18	16	 1	 7	1	12172895	12174144	7	7	1
18	30	 7	 6	1	12189086	12190055	6	6	1
19	82	 9	 7	1	7663678	7667972	7	7	1
19	81	 9	 7	1	7676513	7677949	7	7	1
19	83	 9	 6	1	7695124	7696677	6	6	1
19	8	 2	 7	1	7721770	7723196	7	7	1
19	12	 6	 7	1	7814942	7817081	7	7	1
19	22	 8	 6	1	7839285	7840848	6	6	1
19	2	 4	 6	1	7851101	7853047	6	6	1
19	27	 5	 7	1	7860248	7861606	7	7	1
19	21	 7	 6	1	7870630	7872100	6	6	1
19	4	 6	 7	1	7880442	7881714	7	7	1
19	19	 5	 6	1	7915176	7918825	6	6	1
19	25	 3	 7	1	7929963	7931474	7	7	1
19	31	 1	 7	1	7961788	7962908	7	7	1
19	15	 1	 6	1	8021558	8023083	6	6	1
19	23	 1	 7	1	8059642	8060629	7	7	1
19	13	 7	 6	1	8092503	8093772	6	6	1
19	24	 2	 7	1	8107402	8108892	7	7	1
19	6	 8	 7	1	8145136	8147704	7	7	1
19	14	 8	 6	1	8176842	8179359	6	6	1
19	29	 7	 6	1	8186688	8187998	6	6	1
19	11	 5	 7	1	8203551	8204479	7	7	1
19	32	 2	 6	1	8227589	8229013	6	6	1
19	9	 3	 6	1	8235721	8236828	6	6	1
19	18	 4	 7	1	8248680	8249675	7	7	1
19	5	 7	 7	1	8262594	8265133	7	7	1
19	30	 8	 6	1	8270497	8271681	6	6	1
19	16	 2	 7	1	8290154	8291842	7	7	1
19	10	 4	 7	1	8296797	8298268	7	7	1
19	26	 4	 6	1	8319886	8322201	6	6	1
19	17	 3	 6	1	8335625	8336880	6	6	1
19	1	 3	 7	1	8344212	8345887	7	7	1
19	7	 1	 6	1	8370996	8373761	6	6	1
19	28	 6	 7	1	8400803	8402095	7	7	1
19	3	 5	 6	1	8409255	8410269	6	6	1
19	20	 6	 6	1	8415696	8416921	6	6	1
20	81	 9	 7	1	3053809	3056650	7	7	1
20	83	 9	 6	1	3064020	3065156	6	6	1
20	82	 9	 7	1	3072434	3073962	7	7	1
20	24	 3	 7	1	3119815	3121735	7	7	1
20	17	 4	 6	1	3136559	3137712	6	6	1
20	5	 8	 7	1	3185931	3187891	7	7	1
20	11	 6	 7	1	3214193	3215653	7	7	1
20	30	 1	 6	1	3221624	3222992	6	6	1
20	31	 2	 7	1	3231270	3232339	7	7	1
20	26	 5	 6	1	3249046	3250832	6	6	1
20	27	 6	 7	1	3257103	3258135	7	7	1
20	22	 1	 6	1	3283958	3285227	6	6	1
20	2	 5	 6	1	3308293	3310167	6	6	1
20	7	 2	 6	1	3316470	3318178	6	6	1
20	28	 7	 7	1	3342018	3343702	7	7	1
20	12	 7	 7	1	3355910	3357336	7	7	1
20	15	 2	 6	1	3376062	3377582	6	6	1
20	25	 4	 7	1	3383742	3384782	7	7	1
20	3	 6	 6	1	3397996	3399403	6	6	1
20	18	 5	 7	1	3423587	3425301	7	7	1
20	21	 8	 6	1	3452893	3454190	6	6	1
20	23	 2	 7	1	3458724	3459865	7	7	1
20	32	 3	 6	1	3465020	3466158	6	6	1
20	29	 8	 6	1	3472499	3473555	6	6	1
20	19	 6	 6	1	3490255	3493858	6	6	1
20	13	 8	 6	1	3504494	3505386	6	6	1
20	6	 1	 7	1	3510588	3512307	7	7	1
20	20	 7	 6	1	3526521	3528661	6	6	1
20	16	 3	 7	1	3544678	3545955	7	7	1
20	10	 5	 7	1	3555950	3557219	7	7	1
20	8	 3	 7	1	3572677	3573737	7	7	1
20	14	 1	 6	1	3586169	3587804	7	6	0
20	9	 4	 6	1	3599417	3601175	6	6	1
20	4	 7	 7	1	3606861	3607768	7	7	1
20	1	 4	 7	1	3621177	3622880	7	7	1
21	82	 9	 7	1	2147323	2149834	7	7	1
21	81	 9	 7	1	2164105	2165422	7	7	1
21	83	 9	 6	1	2172722	2173685	6	6	1
21	23	 3	 7	1	2184959	2185838	7	7	1
21	30	 2	 6	1	2195194	2196119	6	6	1
21	21	 1	 6	1	2204206	2205275	6	6	1
21	1	 5	 7	1	2221975	2222961	7	7	1
21	9	 5	 6	1	2228198	2229248	6	6	1
21	19	 7	 6	1	2239912	2241898	6	6	1
21	13	 1	 6	1	2251089	2252033	6	6	1
21	15	 3	 6	1	2333242	2334470	6	6	1
21	4	 8	 7	1	2348162	2349064	7	7	1
21	7	 3	 6	1	2370136	2371442	6	6	1
21	6	 2	 7	1	2377962	2379151	7	7	1
21	18	 6	 7	1	2398849	2399756	7	7	1
21	8	 4	 7	1	2406492	2407578	7	7	1
21	16	 4	 7	1	2417496	2418861	7	7	1
21	12	 8	 7	1	2441242	2442641	7	7	1
21	29	 1	 6	1	2449843	2450852	6	6	1
21	27	 7	 7	1	2457697	2458651	7	7	1
21	3	 7	 6	1	2472717	2473727	6	6	1
21	24	 4	 7	1	2485083	2486176	7	7	1
21	11	 7	 7	1	2512071	2513404	7	7	1
21	25	 5	 7	1	2529089	2530295	7	7	1
21	22	 2	 6	1	2568814	2570083	6	6	1
21	28	 8	 7	1	2593734	2594992	7	7	1
21	31	 3	 7	1	2618176	2619037	7	7	1
21	2	 6	 6	1	2633406	2634856	6	6	1
21	10	 6	 7	1	2652787	2654154	7	7	1
21	17	 5	 6	1	2675989	2677009	6	6	1
21	20	 8	 6	1	2698070	2699045	6	6	1
21	32	 4	 6	1	2735830	2736799	6	6	1
21	14	 2	 6	1	2746441	2747524	6	6	1
21	26	 6	 6	1	2754424	2755507	6	6	1
21	5	 1	 7	1	2760788	2762142	7	7	1
22	82	 9	 7	1	4513016	4515990	6	7	0
22	83	 9	 6	1	4522003	4523044	6	6	1
22	81	 9	 7	1	4535723	4537529	7	7	1
22	29	 2	 6	1	4565379	4566817	6	6	1
22	8	 5	 7	1	4573496	4574914	7	7	1
22	5	 2	 7	1	4582310	4583784	7	7	1
22	10	 7	 7	1	4596725	4598081	7	7	1
22	11	 8	 7	1	4622219	4623431	7	7	1
22	3	 8	 6	1	4631566	4632886	6	6	1
22	12	 1	 7	1	4638929	4640988	7	7	1
22	4	 1	 7	1	4648018	4649139	7	7	1
22	23	 4	 7	1	4655272	4656278	7	7	1
22	7	 4	 6	1	4664228	4667042	7	6	0
22	19	 8	 6	1	4685336	4687363	6	6	1
22	20	 1	 6	1	4693770	4694976	6	6	1
22	24	 5	 7	1	4712944	4714504	6	7	0
22	30	 3	 6	1	4730430	4731306	6	6	1
22	16	 5	 7	1	4765768	4767279	7	7	1
22	15	 4	 6	1	4781775	4782548	6	6	1
22	2	 7	 6	1	4792778	4794436	6	6	1
22	9	 6	 6	1	4829696	4831645	6	6	1
22	22	 3	 6	1	4837030	4838008	6	6	1
22	32	 5	 6	1	4854547	4855544	6	6	1
22	28	 1	 7	1	4867540	4869362	7	7	1
22	17	 6	 6	1	4887816	4889426	6	6	1
22	26	 7	 6	1	4895644	4897184	6	6	1
22	18	 7	 7	1	4938080	4939270	7	7	1
22	14	 3	 6	1	4944626	4945639	6	6	1
22	31	 4	 7	1	4961571	4962690	7	7	1
22	13	 2	 6	1	4969300	4970411	6	6	1
22	1	 6	 7	1	4980870	4983656	6	7	0
22	25	 6	 7	1	4989659	4990535	7	7	1
22	6	 3	 7	1	4996526	4998560	6	7	0
22	21	 2	 6	1	5008720	5009826	6	6	1
22	27	 8	 7	1	5048276	5049334	7	7	1
23	83	 9	 6	1	21378165	21379916	6	6	1
23	82	 9	 7	1	21386726	21388577	7	7	1
23	81	 9	 7	1	21405328	21406739	7	7	1
23	19	 1	 6	1	21455718	21457793	7	6	0
23	28	 2	 7	1	21463969	21467658	7	7	1
23	4	 2	 7	1	21473325	21474619	7	7	1
23	5	 3	 7	1	21502777	21504759	7	7	1
23	1	 7	 7	1	21515183	21517226	7	7	1
23	11	 1	 7	1	21522177	21526893	7	7	1
23	9	 7	 6	1	21537371	21538802	6	6	1
23	32	 6	 6	1	21558266	21559294	6	6	1
23	18	 8	 7	1	21581113	21583094	7	7	1
23	21	 3	 6	1	21608379	21609556	6	6	1
23	29	 3	 6	1	21627748	21628966	6	6	1
23	13	 3	 6	1	21635393	21636380	6	6	1
23	27	 1	 7	1	21641658	21642691	7	7	1
23	26	 8	 6	1	21648429	21651310	6	6	1
23	14	 4	 6	1	21698423	21700555	7	6	0
23	23	 5	 7	1	21706605	21707659	7	7	1
23	25	 7	 7	1	21715282	21716364	7	7	1
23	30	 4	 6	1	21727240	21728314	6	6	1
23	3	 1	 6	1	21757363	21758204	6	6	1
23	24	 6	 7	1	21767062	21769477	7	7	1
23	31	 5	 7	1	21780047	21784427	7	7	1
23	6	 4	 7	1	21794485	21795911	7	7	1
23	22	 4	 6	1	21810606	21813498	6	6	1
23	8	 6	 7	1	21818602	21819842	7	7	1
23	20	 2	 6	1	21828162	21829645	7	6	0
23	7	 5	 6	1	21859628	21862051	6	6	1
23	2	 8	 6	1	21872409	21874376	6	6	1
23	10	 8	 7	1	21881431	21883236	7	7	1
23	16	 6	 7	1	21913406	21914569	7	7	1
23	12	 2	 7	1	21936513	21937778	7	7	1
23	17	 7	 6	1	21980039	21981219	6	6	1
23	15	 5	 6	1	21996173	21996985	6	6	1
24	83	 9	 6	1	23842936	23846558	7	6	0
24	81	 9	 7	1	23855661	23857300	7	7	1
24	82	 9	 7	1	23865629	23870131	6	7	0
24	6	 5	 7	1	23898522	23901509	7	7	1
24	17	 8	 6	1	23923819	23928837	7	6	0
24	7	 6	 6	1	23943565	23947111	6	6	1
24	28	 3	 7	1	23980150	23982308	7	7	1
24	32	 7	 6	1	24000105	24003017	6	6	1
24	13	 4	 6	1	24037482	24038956	6	6	1
24	4	 3	 7	1	24047417	24049192	7	7	1
24	31	 6	 7	1	24065946	24067410	7	7	1
24	15	 6	 6	1	24110990	24112631	6	6	1
24	3	 2	 6	1	24130698	24132266	6	6	1
24	12	 3	 7	1	24144575	24147467	7	7	1
24	26	 1	 6	1	24190972	24193618	6	6	1
24	18	 1	 7	1	24223107	24224891	7	7	1
24	14	 5	 6	1	24242713	24247054	7	6	0
24	11	 2	 7	1	24273834	24279390	7	7	1
24	10	 1	 7	1	24317087	24319311	7	7	1
24	8	 7	 7	1	24379997	24382142	7	7	1
24	5	 4	 7	1	24393013	24396947	7	7	1
24	30	 5	 6	1	24419874	24421111	6	6	1
24	24	 7	 7	1	24451581	24454704	7	7	1
24	16	 7	 7	1	24491397	24494064	7	7	1
24	2	 1	 6	1	24512343	24514965	6	6	1
24	19	 2	 6	1	24522313	24528735	6	6	1
24	21	 4	 6	1	24538516	24540488	6	6	1
24	1	 8	 7	1	24565691	24567444	7	7	1
24	22	 5	 6	1	24576172	24578210	6	6	1
24	25	 8	 7	1	24607338	24608501	7	7	1
24	27	 2	 7	1	24619229	24620930	7	7	1
24	20	 3	 6	1	24649986	24652369	6	6	1
24	23	 6	 7	1	24680843	24682258	7	7	1
24	29	 4	 6	1	24696576	24699791	6	6	1
24	9	 8	 6	1	24743104	24744496	6	6	1
25	83	 9	 6	1	2194139	2196635	6	6	1
25	82	 9	 7	1	2231528	2234229	7	7	1
25	81	 9	 7	1	2245689	2247802	7	7	1
25	20	 4	 6	1	2259974	2263407	6	6	1
25	29	 5	 6	1	2276928	2279217	6	6	1
25	1	 1	 7	1	2319155	2321954	7	7	1
25	4	 4	 7	1	2363567	2365954	7	7	1
25	10	 2	 7	1	2374672	2377506	7	7	1
25	15	 7	 6	1	2394619	2397083	6	6	1
25	13	 5	 6	1	2406964	2409319	6	6	1
25	28	 4	 7	1	2442249	2445484	7	7	1
25	8	 8	 7	1	2470580	2473043	7	7	1
25	30	 6	 6	1	2528198	2529998	6	6	1
25	11	 3	 7	1	2577230	2580771	7	7	1
25	6	 6	 7	1	2600452	2602941	7	7	1
25	24	 8	 7	1	2616142	2618917	7	7	1
25	31	 7	 7	1	2628823	2632878	7	7	1
25	26	 2	 6	1	2655507	2657858	6	6	1
25	25	 1	 7	1	2695838	2698174	7	7	1
25	3	 3	 6	1	2724361	2727217	6	6	1
25	2	 2	 6	1	2774787	2777655	6	6	1
25	18	 2	 7	1	2787578	2790450	7	7	1
25	12	 4	 7	1	2797047	2799813	7	7	1
25	22	 6	 6	1	2885718	2887287	6	6	1
25	9	 1	 6	1	2895568	2897906	6	6	1
25	14	 6	 6	1	2905001	2907184	6	6	1
25	7	 7	 6	1	2917969	2921663	6	6	1
25	21	 5	 6	1	2932294	2934606	6	6	1
25	23	 7	 7	1	2944686	2946801	7	7	1
25	17	 1	 6	1	2963635	2965693	6	6	1
25	16	 8	 7	1	3031705	3034124	7	7	1
25	19	 3	 6	1	3048451	3055052	6	6	1
25	5	 5	 7	1	3076643	3079607	7	7	1
25	32	 8	 6	1	3089341	3092386	6	6	1
25	27	 3	 7	1	3103093	3106201	7	7	1
26	83	 9	 6	1	5126591	5133096	6	6	1
26	82	 9	 7	1	5146355	5149608	7	7	1
26	81	 9	 7	1	5164899	5167402	7	7	1
26	4	 5	 7	1	5197389	5200719	6	7	0
26	6	 7	 7	1	5210519	5218037	6	7	0
26	20	 5	 6	1	5239139	5246003	6	6	1
26	26	 3	 6	1	5273781	5276264	6	6	1
26	29	 6	 6	1	5337463	5339458	6	6	1
26	11	 4	 7	1	5345684	5348289	7	7	1
26	19	 4	 6	1	5352846	5360919	6	6	1
26	1	 2	 7	1	5383690	5386997	7	7	1
26	14	 7	 6	1	5457062	5461002	6	6	1
26	27	 4	 7	1	5484060	5486463	7	7	1
26	31	 8	 7	1	5503117	5506430	7	7	1
26	21	 6	 6	1	5514301	5516783	6	6	1
26	16	 1	 7	1	5563987	5566652	7	7	1
26	15	 8	 6	1	5599028	5600947	6	6	1
26	9	 2	 6	1	5674283	5675969	6	6	1
26	5	 6	 7	1	5700783	5702493	7	7	1
26	30	 7	 6	1	5712590	5715828	6	6	1
26	28	 5	 7	1	5722230	5723788	7	7	1
26	18	 3	 7	1	5730253	5731578	7	7	1
26	7	 8	 6	1	5761829	5766975	6	6	1
26	22	 7	 6	1	5775598	5778597	7	6	0
26	3	 4	 6	1	5811149	5813625	6	6	1
26	8	 1	 7	1	5828116	5829482	7	7	1
26	10	 3	 7	1	5844088	5845735	7	7	1
26	2	 3	 6	1	5869497	5871905	6	6	1
26	32	 1	 6	1	5882237	5883453	6	6	1
26	24	 1	 7	1	5893554	5894916	7	7	1
26	17	 2	 6	1	5902578	5904017	6	6	1
26	13	 6	 6	1	5939833	5941160	6	6	1
26	25	 2	 7	1	5953432	5955586	7	7	1
26	12	 5	 7	1	5971734	5974630	7	7	1
26	23	 8	 7	1	5994008	5995356	7	7	1
27	82	 9	 7	1	18951372	18955894	6	7	0
27	83	 9	 6	1	18965115	18966455	6	6	1
27	81	 9	 7	1	18993294	18995802	7	7	1
27	24	 2	 7	1	19011095	19013905	7	7	1
27	11	 5	 7	1	19023580	19026943	7	7	1
27	30	 8	 6	1	19035784	19037470	7	6	0
27	23	 1	 7	1	19049109	19050737	7	7	1
27	9	 3	 6	1	19067674	19070659	7	6	0
27	18	 4	 7	1	19086950	19092189	6	7	0
27	16	 2	 7	1	19120371	19122527	7	7	1
27	25	 3	 7	1	19136929	19138199	7	7	1
27	13	 7	 6	1	19165159	19166813	6	6	1
27	7	 1	 6	1	19182305	19184515	6	6	1
27	26	 4	 6	1	19192434	19194683	6	6	1
27	31	 1	 7	1	19210415	19212524	6	7	0
27	14	 8	 6	1	19242734	19244679	7	6	0
27	5	 7	 7	1	19279033	19281712	7	7	1
27	29	 7	 6	1	19289872	19292048	6	6	1
27	27	 5	 7	1	19317060	19318439	7	7	1
27	10	 4	 7	1	19326109	19328141	7	7	1
27	12	 6	 7	1	19351532	19353741	7	7	1
27	2	 4	 6	1	19365170	19366996	6	6	1
27	28	 6	 7	1	19378881	19383760	7	7	1
27	17	 3	 6	1	19392974	19394449	6	6	1
27	6	 8	 7	1	19405747	19408178	7	7	1
27	15	 1	 6	1	19419895	19421557	6	6	1
27	32	 2	 6	1	19436745	19438550	6	6	1
27	22	 8	 6	1	19453776	19457928	6	6	1
27	4	 6	 7	1	19464497	19466043	7	7	1
27	21	 7	 6	1	19524487	19526724	6	6	1
27	20	 6	 6	1	19538124	19539943	6	6	1
27	8	 2	 7	1	19566510	19568813	7	7	1
27	3	 5	 6	1	19585024	19586700	6	6	1
27	19	 5	 6	1	19600923	19603259	6	6	1
27	1	 3	 7	1	19625071	19626623	7	7	1
28	82	 9	 7	1	20937183	20940746	7	7	1
28	83	 9	 6	1	20947512	20949283	6	6	1
28	81	 9	 7	1	20959074	20960344	7	7	1
28	13	 8	 6	1	20988941	20990603	6	6	1
28	9	 4	 6	1	21008106	21009191	6	6	1
28	26	 5	 6	1	21020201	21022274	6	6	1
28	11	 6	 7	1	21027056	21028729	6	7	0
28	5	 8	 7	1	21035250	21036904	7	7	1
28	17	 4	 6	1	21044288	21045384	7	6	0
28	27	 6	 7	1	21066725	21068037	7	7	1
28	32	 3	 6	1	21084629	21085878	6	6	1
28	22	 1	 6	1	21097047	21098248	6	6	1
28	1	 4	 7	1	21114930	21115880	7	7	1
28	16	 3	 7	1	21133433	21134717	7	7	1
28	6	 1	 7	1	21146427	21147419	7	7	1
28	21	 8	 6	1	21159315	21160357	6	6	1
28	2	 5	 6	1	21165507	21167019	6	6	1
28	23	 2	 7	1	21173355	21174462	7	7	1
28	20	 7	 6	1	21180042	21181261	6	6	1
28	4	 7	 7	1	21210724	21211546	7	7	1
28	15	 2	 6	1	21258676	21259790	6	6	1
28	28	 7	 7	1	21267377	21268783	7	7	1
28	8	 3	 7	1	21316160	21317305	7	7	1
28	7	 2	 6	1	21331719	21333777	6	6	1
28	25	 4	 7	1	21339159	21340088	7	7	1
28	3	 6	 6	1	21356143	21358188	6	6	1
28	29	 8	 6	1	21369218	21370304	6	6	1
28	14	 1	 6	1	21376153	21377272	7	6	0
28	10	 5	 7	1	21389955	21391216	7	7	1
28	24	 3	 7	1	21400923	21402007	7	7	1
28	19	 6	 6	1	21422822	21423995	6	6	1
28	18	 5	 7	1	21440895	21442080	7	7	1
28	31	 2	 7	1	21474864	21475691	7	7	1
28	30	 1	 6	1	21480940	21481808	6	6	1
28	12	 7	 7	1	21488420	21489579	7	7	1
29	81	 9	 7	1	9350981	9353938	6	7	0
29	82	 9	 7	1	9363125	9366429	6	7	0
29	83	 9	 6	1	9373389	9374844	6	6	1
29	31	 3	 7	1	9407440	9410576	7	7	1
29	32	 4	 6	1	9418183	9420238	6	6	1
29	22	 2	 6	1	9426872	9428571	6	6	1
29	30	 2	 6	1	9444830	9446636	6	6	1
29	17	 5	 6	1	9455362	9457471	6	6	1
29	15	 3	 6	1	9464057	9465762	6	6	1
29	18	 6	 7	1	9472947	9475623	7	7	1
29	2	 6	 6	1	9503412	9506429	7	6	0
29	9	 5	 6	1	9513548	9516145	6	6	1
29	10	 6	 7	1	9554161	9556365	7	7	1
29	23	 3	 7	1	9587711	9588928	7	7	1
29	1	 5	 7	1	9612310	9613840	7	7	1
29	16	 4	 7	1	9647174	9648794	7	7	1
29	7	 3	 6	1	9702615	9706061	6	6	1
29	19	 7	 6	1	9717200	9720087	6	6	1
29	12	 8	 7	1	9733382	9736098	7	7	1
29	24	 4	 7	1	9769887	9771319	7	7	1
29	5	 1	 7	1	9780793	9782740	7	7	1
29	8	 4	 7	1	9797889	9799855	7	7	1
29	20	 8	 6	1	9838279	9840535	6	6	1
29	6	 2	 7	1	9849754	9851699	7	7	1
29	26	 6	 6	1	9878164	9881612	6	6	1
29	28	 8	 7	1	9902683	9905034	7	7	1
29	4	 8	 7	1	9914629	9916046	7	7	1
29	13	 1	 6	1	9928360	9930473	6	6	1
29	21	 1	 6	1	9941508	9942957	6	6	1
29	3	 7	 6	1	9952002	9953486	6	6	1
29	25	 5	 7	1	9960190	9961392	7	7	1
29	11	 7	 7	1	9975562	9977310	7	7	1
29	14	 2	 6	1	9986616	9990389	7	6	0
29	29	 1	 6	1	10017371	10019730	6	6	1
29	27	 7	 7	1	10027817	10029378	7	7	1
30	82	 9	 7	1	3542043	3547220	7	7	1
30	83	 9	 6	1	3563938	3565844	6	6	1
30	81	 9	 7	1	3592900	3594626	7	7	1
30	15	 4	 6	1	3672010	3674008	6	6	1
30	22	 3	 6	1	3685395	3686754	6	6	1
30	17	 6	 6	1	3695503	3697021	6	6	1
30	11	 8	 7	1	3726038	3727059	6	7	0
30	14	 3	 6	1	3746410	3748623	6	6	1
30	23	 4	 7	1	3809766	3811334	7	7	1
30	32	 5	 6	1	3823893	3825457	6	6	1
30	16	 5	 7	1	3845888	3847720	7	7	1
30	25	 6	 7	1	3873287	3874878	7	7	1
30	4	 1	 7	1	3884493	3885528	7	7	1
30	7	 4	 6	1	3907244	3910877	6	6	1
30	12	 1	 7	1	3939632	3941370	7	7	1
30	24	 5	 7	1	3951670	3953386	7	7	1
30	26	 7	 6	1	3972839	3974817	6	6	1
30	18	 7	 7	1	4019029	4025726	7	7	1
30	19	 8	 6	1	4071559	4079551	6	6	1
30	27	 8	 7	1	4087212	4088767	7	7	1
30	5	 2	 7	1	4112036	4114183	7	7	1
30	2	 7	 6	1	4135947	4139749	7	6	0
30	30	 3	 6	1	4179044	4180661	6	6	1
30	3	 8	 6	1	4208050	4209167	6	6	1
30	20	 1	 6	1	4266443	4268179	6	6	1
30	13	 2	 6	1	4275696	4276834	6	6	1
30	6	 3	 7	1	4299488	4302109	7	7	1
30	29	 2	 6	1	4315035	4316519	6	6	1
30	10	 7	 7	1	4330241	4332999	7	7	1
30	1	 6	 7	1	4340778	4343393	7	7	1
30	9	 6	 6	1	4360520	4363555	6	6	1
30	21	 2	 6	1	4390836	4392464	6	6	1
30	28	 1	 7	1	4402126	4404530	7	7	1
30	31	 4	 7	1	4413154	4414374	7	7	1
30	8	 5	 7	1	4434768	4436185	7	7	1
31	82	 9	 7	1	3986099	3988106	7	7	1
31	83	 9	 6	1	3998531	3999780	6	6	1
31	81	 9	 7	1	4014318	4015488	7	7	1
31	12	 2	 7	1	4020379	4021856	7	7	1
31	4	 2	 7	1	4037773	4038972	7	7	1
31	19	 1	 6	1	4048208	4050037	6	6	1
31	22	 4	 6	1	4056818	4058318	6	6	1
31	20	 2	 6	1	4080900	4082187	6	6	1
31	31	 5	 7	1	4087042	4088227	7	7	1
31	26	 8	 6	1	4112129	4114191	6	6	1
31	24	 6	 7	1	4119739	4121584	7	7	1
31	1	 7	 7	1	4126062	4127403	7	7	1
31	25	 7	 7	1	4132176	4133353	7	7	1
31	2	 8	 6	1	4139193	4140684	6	6	1
31	14	 4	 6	1	4149910	4151084	7	6	0
31	28	 2	 7	1	4169388	4171288	7	7	1
31	8	 6	 7	1	4208545	4209828	7	7	1
31	21	 3	 6	1	4219781	4221578	6	6	1
31	11	 1	 7	1	4240112	4241486	6	7	0
31	9	 7	 6	1	4250390	4251579	6	6	1
31	29	 3	 6	1	4256879	4258099	6	6	1
31	17	 7	 6	1	4281008	4282084	6	6	1
31	30	 4	 6	1	4304608	4305557	6	6	1
31	16	 6	 7	1	4310629	4311869	7	7	1
31	3	 1	 6	1	4317282	4318387	6	6	1
31	5	 3	 7	1	4323492	4325055	7	7	1
31	10	 8	 7	1	4345492	4346742	7	7	1
31	13	 3	 6	1	4360582	4361606	6	6	1
31	27	 1	 7	1	4372848	4374102	7	7	1
31	7	 5	 6	1	4387930	4389108	6	6	1
31	15	 5	 6	1	4393922	4395031	6	6	1
31	18	 8	 7	1	4414839	4417123	7	7	1
31	32	 6	 6	1	4422217	4423295	6	6	1
31	6	 4	 7	1	4435337	4436593	7	7	1
31	23	 5	 7	1	4445698	4446642	7	7	1
32	81	 9	 7	1	9743439	9745958	6	7	0
32	82	 9	 7	1	9764637	9766003	7	7	1
32	83	 9	 6	1	9771682	9773009	6	6	1
32	8	 7	 7	1	9779914	9781410	7	7	1
32	9	 8	 6	1	9795247	9797659	6	6	1
32	29	 4	 6	1	9819352	9820535	6	6	1
32	18	 1	 7	1	9843247	9844914	7	7	1
32	27	 2	 7	1	9851854	9852934	7	7	1
32	31	 6	 7	1	9875428	9876642	7	7	1
32	12	 3	 7	1	9887335	9888977	7	7	1
32	15	 6	 6	1	9894324	9895776	6	6	1
32	1	 8	 7	1	9926082	9927302	7	7	1
32	5	 4	 7	1	9942926	9944432	7	7	1
32	25	 8	 7	1	9982535	9983678	7	7	1
32	11	 2	 7	1	9989022	9991068	6	7	0
32	7	 6	 6	1	9996750	9998871	6	6	1
32	2	 1	 6	1	10011927	10013354	6	6	1
32	20	 3	 6	1	10020817	10022087	6	6	1
32	24	 7	 7	1	10035345	10037546	7	7	1
32	19	 2	 6	1	10045414	10047116	6	6	1
32	26	 1	 6	1	10053991	10055336	6	6	1
32	13	 4	 6	1	10068732	10069840	6	6	1
32	32	 7	 6	1	10083795	10084696	6	6	1
32	30	 5	 6	1	10091189	10092101	6	6	1
32	10	 1	 7	1	10123936	10125531	7	7	1
32	6	 5	 7	1	10133216	10135305	7	7	1
32	14	 5	 6	1	10142892	10144314	7	6	0
32	21	 4	 6	1	10196818	10198261	6	6	1
32	23	 6	 7	1	10203417	10204445	7	7	1
32	17	 8	 6	1	10217839	10218899	6	6	1
32	22	 5	 6	1	10224475	10225744	6	6	1
32	28	 3	 7	1	10233330	10235274	7	7	1
32	16	 7	 7	1	10242264	10243684	7	7	1
32	3	 2	 6	1	10294928	10296800	7	6	0
32	4	 3	 7	1	10314493	10316022	7	7	1
33	83	 9	 6	1	12002676	12005153	6	6	1
33	81	 9	 7	1	12010782	12012264	7	7	1
33	82	 9	 7	1	12025359	12026986	7	7	1
33	8	 8	 7	1	12039802	12041226	7	7	1
33	1	 1	 7	1	12048707	12052808	7	7	1
33	6	 6	 7	1	12091250	12092730	7	7	1
33	2	 2	 6	1	12113357	12115773	6	6	1
33	19	 3	 6	1	12122890	12126502	6	6	1
33	31	 7	 7	1	12140087	12142487	7	7	1
33	3	 3	 6	1	12153785	12155299	6	6	1
33	16	 8	 7	1	12161625	12163492	7	7	1
33	23	 7	 7	1	12171408	12172866	7	7	1
33	12	 4	 7	1	12179103	12180773	7	7	1
33	18	 2	 7	1	12195443	12196912	7	7	1
33	25	 1	 7	1	12203648	12204940	7	7	1
33	21	 5	 6	1	12223833	12225930	6	6	1
33	4	 4	 7	1	12238121	12239291	7	7	1
33	32	 8	 6	1	12272589	12274224	6	6	1
33	7	 7	 6	1	12280727	12282696	6	6	1
33	11	 3	 7	1	12295438	12297713	7	7	1
33	29	 5	 6	1	12319923	12321735	6	6	1
33	13	 5	 6	1	12335285	12336876	6	6	1
33	20	 4	 6	1	12355694	12359098	7	6	0
33	26	 2	 6	1	12364719	12366440	6	6	1
33	30	 6	 6	1	12391023	12392588	6	6	1
33	15	 7	 6	1	12399107	12400675	6	6	1
33	27	 3	 7	1	12407652	12410761	7	7	1
33	5	 5	 7	1	12419061	12421220	7	7	1
33	24	 8	 7	1	12440775	12443291	7	7	1
33	28	 4	 7	1	12448736	12450382	7	7	1
33	22	 6	 6	1	12501881	12503807	6	6	1
33	17	 1	 6	1	12511987	12513386	6	6	1
33	9	 1	 6	1	12531933	12533355	6	6	1
33	14	 6	 6	1	12541278	12543626	6	6	1
33	10	 2	 7	1	12560601	12562221	7	7	1
34	82	 9	 7	1	17000073	17003618	7	7	1
34	83	 9	 6	1	17011026	17013365	6	6	1
34	81	 9	 7	1	17035336	17037423	7	7	1
34	21	 6	 6	1	17045053	17047157	6	6	1
34	29	 6	 6	1	17058655	17060574	6	6	1
34	32	 1	 6	1	17070839	17072414	6	6	1
34	26	 3	 6	1	17079783	17081313	6	6	1
34	2	 3	 6	1	17101801	17103719	6	6	1
34	14	 7	 6	1	17139788	17141503	6	6	1
34	30	 7	 6	1	17226211	17227994	6	6	1
34	25	 2	 7	1	17234174	17235433	7	7	1
34	19	 4	 6	1	17256758	17259607	6	6	1
34	9	 2	 6	1	17297991	17299449	6	6	1
34	13	 6	 6	1	17342927	17343979	6	6	1
34	23	 8	 7	1	17349092	17350368	7	7	1
34	28	 5	 7	1	17361559	17363869	7	7	1
34	15	 8	 6	1	17388286	17389272	6	6	1
34	20	 5	 6	1	17397637	17399285	6	6	1
34	5	 6	 7	1	17405191	17406310	6	7	0
34	1	 2	 7	1	17425981	17428238	7	7	1
34	18	 3	 7	1	17472352	17475873	7	7	1
34	16	 1	 7	1	17489495	17491333	7	7	1
34	3	 4	 6	1	17503427	17504411	6	6	1
34	22	 7	 6	1	17554369	17556488	6	6	1
34	12	 5	 7	1	17569766	17572117	7	7	1
34	27	 4	 7	1	17579761	17581289	7	7	1
34	31	 8	 7	1	17604844	17608340	7	7	1
34	4	 5	 7	1	17614387	17615882	7	7	1
34	8	 1	 7	1	17628997	17630198	7	7	1
34	17	 2	 6	1	17641373	17642645	6	6	1
34	7	 8	 6	1	17661950	17665402	6	6	1
34	6	 7	 7	1	17714025	17716513	7	7	1
34	24	 1	 7	1	17757416	17758958	7	7	1
34	11	 4	 7	1	17764166	17765545	7	7	1
34	10	 3	 7	1	17773296	17775505	7	7	1
35	81	 9	 7	1	28755510	28758109	7	7	1
35	82	 9	 7	1	28770392	28772427	7	7	1
35	83	 9	 6	1	28779091	28782124	6	6	1
35	12	 6	 7	1	28799263	28801514	7	7	1
35	19	 5	 6	1	28816533	28819260	6	6	1
35	23	 1	 7	1	28825562	28826793	7	7	1
35	27	 5	 7	1	28832738	28833802	7	7	1
35	17	 3	 6	1	28839847	28841121	6	6	1
35	5	 7	 7	1	28857017	28858999	7	7	1
35	31	 1	 7	1	28865413	28866540	7	7	1
35	14	 8	 6	1	28903743	28906943	7	6	0
35	29	 7	 6	1	28925717	28927431	6	6	1
35	6	 8	 7	1	28949996	28953665	7	7	1
35	13	 7	 6	1	28986938	28988347	6	6	1
35	4	 6	 7	1	28994252	28995348	7	7	1
35	7	 1	 6	1	29018607	29021898	6	6	1
35	2	 4	 6	1	29030132	29031569	6	6	1
35	16	 2	 7	1	29036921	29038256	7	7	1
35	8	 2	 7	1	29047146	29048720	7	7	1
35	3	 5	 6	1	29065586	29067184	6	6	1
35	28	 6	 7	1	29075870	29077327	7	7	1
35	30	 8	 6	1	29111754	29113197	6	6	1
35	18	 4	 7	1	29120326	29121976	7	7	1
35	26	 4	 6	1	29136574	29138001	6	6	1
35	24	 2	 7	1	29165994	29168003	7	7	1
35	9	 3	 6	1	29191396	29193762	6	6	1
35	15	 1	 6	1	29198778	29200212	6	6	1
35	22	 8	 6	1	29206604	29207766	6	6	1
35	10	 4	 7	1	29234467	29236054	7	7	1
35	20	 6	 6	1	29242929	29245174	6	6	1
35	1	 3	 7	1	29289162	29290418	7	7	1
35	25	 3	 7	1	29315503	29317017	7	7	1
35	32	 2	 6	1	29333865	29335104	6	6	1
35	11	 5	 7	1	29347175	29348400	7	7	1
35	21	 7	 6	1	29354795	29357187	6	6	1
36	81	 9	 7	1	1983841	1987625	7	7	1
36	82	 9	 7	1	2012208	2013768	7	7	1
36	83	 9	 6	1	2019375	2020732	6	6	1
36	25	 4	 7	1	2032376	2033807	7	7	1
36	12	 7	 7	1	2040954	2043540	7	7	1
36	10	 5	 7	1	2097727	2099529	7	7	1
36	9	 4	 6	1	2113444	2115261	6	6	1
36	27	 6	 7	1	2121204	2122712	7	7	1
36	8	 3	 7	1	2144928	2146475	7	7	1
36	23	 2	 7	1	2158957	2160171	7	7	1
36	19	 6	 6	1	2166341	2168559	7	6	0
36	20	 7	 6	1	2196677	2199249	6	6	1
36	16	 3	 7	1	2209956	2211743	7	7	1
36	30	 1	 6	1	2229597	2230998	6	6	1
36	31	 2	 7	1	2244265	2245927	7	7	1
36	28	 7	 7	1	2254410	2256262	7	7	1
36	26	 5	 6	1	2293219	2295843	6	6	1
36	4	 7	 7	1	2301698	2302760	7	7	1
36	2	 5	 6	1	2315686	2318140	6	6	1
36	14	 1	 6	1	2330881	2333270	6	6	1
36	13	 8	 6	1	2370545	2371795	6	6	1
36	32	 3	 6	1	2379953	2381836	6	6	1
36	29	 8	 6	1	2388416	2389855	6	6	1
36	3	 6	 6	1	2401664	2403079	6	6	1
36	6	 1	 7	1	2409972	2411394	7	7	1
36	24	 3	 7	1	2424752	2429777	7	7	1
36	5	 8	 7	1	2447164	2448977	7	7	1
36	21	 8	 6	1	2483229	2485690	6	6	1
36	1	 4	 7	1	2491513	2493663	7	7	1
36	18	 5	 7	1	2499102	2500856	7	7	1
36	7	 2	 6	1	2507787	2510563	6	6	1
36	17	 4	 6	1	2524535	2525866	6	6	1
36	15	 2	 6	1	2537968	2539719	6	6	1
36	22	 1	 6	1	2548177	2549683	6	6	1
36	11	 6	 7	1	2580704	2582214	6	7	0
37	81	 9	 7	1	3631141	3634067	7	7	1
37	82	 9	 7	1	3669323	3671295	7	7	1
37	83	 9	 6	1	3683021	3685313	6	6	1
37	13	 1	 6	1	3694795	3697306	6	6	1
37	17	 5	 6	1	3730709	3732962	6	6	1
37	28	 8	 7	1	3747727	3751087	7	7	1
37	25	 5	 7	1	3770238	3771857	7	7	1
37	10	 6	 7	1	3799676	3802008	7	7	1
37	16	 4	 7	1	3817023	3818890	7	7	1
37	21	 1	 6	1	3836939	3839169	6	6	1
37	31	 3	 7	1	3894513	3896457	7	7	1
37	30	 2	 6	1	3929691	3931545	6	6	1
37	7	 3	 6	1	3982088	3987300	7	6	0
37	8	 4	 7	1	4007134	4008902	7	7	1
37	14	 2	 6	1	4030798	4034878	6	6	1
37	9	 5	 6	1	4064208	4066414	6	6	1
37	19	 7	 6	1	4075468	4080768	6	6	1
37	11	 7	 7	1	4087034	4088821	6	7	0
37	3	 7	 6	1	4129413	4132607	6	6	1
37	32	 4	 6	1	4154132	4155558	6	6	1
37	29	 1	 6	1	4201115	4203902	6	6	1
37	15	 3	 6	1	4227574	4229209	6	6	1
37	23	 3	 7	1	4238110	4239523	7	7	1
37	5	 1	 7	1	4251093	4253468	7	7	1
37	6	 2	 7	1	4294650	4296907	7	7	1
37	2	 6	 6	1	4313336	4315429	6	6	1
37	24	 4	 7	1	4328452	4330189	7	7	1
37	1	 5	 7	1	4371539	4372798	7	7	1
37	12	 8	 7	1	4390564	4392987	7	7	1
37	4	 8	 7	1	4412023	4413800	7	7	1
37	18	 6	 7	1	4423630	4425900	7	7	1
37	20	 8	 6	1	4449705	4451966	6	6	1
37	27	 7	 7	1	4468264	4469862	7	7	1
37	26	 6	 6	1	4496518	4498476	6	6	1
37	22	 2	 6	1	4534490	4537069	6	6	1
38	83	 9	 6	1	2133076	2135201	6	6	1
38	81	 9	 7	1	2142109	2144131	7	7	1
38	82	 9	 7	1	2152098	2154075	7	7	1
38	1	 6	 7	1	2196926	2198502	7	7	1
38	31	 4	 7	1	2211611	2214169	7	7	1
38	11	 8	 7	1	2232424	2236563	7	7	1
38	9	 6	 6	1	2243972	2247165	7	6	0
38	27	 8	 7	1	2256044	2259859	7	7	1
38	26	 7	 6	1	2268440	2269983	6	6	1
38	21	 2	 6	1	2284751	2286395	6	6	1
38	4	 1	 7	1	2293322	2294856	7	7	1
38	29	 2	 6	1	2306669	2309732	7	6	0
38	8	 5	 7	1	2332749	2334310	7	7	1
38	23	 4	 7	1	2346173	2347213	7	7	1
38	12	 1	 7	1	2370344	2372341	7	7	1
38	16	 5	 7	1	2406548	2408097	7	7	1
38	6	 3	 7	1	2422805	2425721	7	7	1
38	28	 1	 7	1	2461564	2462910	7	7	1
38	32	 5	 6	1	2484858	2486727	6	6	1
38	10	 7	 7	1	2499734	2501230	7	7	1
38	7	 4	 6	1	2541833	2543858	6	6	1
38	24	 5	 7	1	2550921	2552279	7	7	1
38	22	 3	 6	1	2595198	2600456	6	6	1
38	15	 4	 6	1	2619479	2620859	6	6	1
38	25	 6	 7	1	2663951	2665539	7	7	1
38	30	 3	 6	1	2673652	2674677	6	6	1
38	18	 7	 7	1	2696937	2700181	7	7	1
38	2	 7	 6	1	2715242	2716527	6	6	1
38	20	 1	 6	1	2728308	2729960	6	6	1
38	5	 2	 7	1	2736768	2738720	7	7	1
38	14	 3	 6	1	2758294	2762888	7	6	0
38	3	 8	 6	1	2771197	2772616	7	6	0
38	13	 2	 6	1	2785611	2787782	6	6	1
38	19	 8	 6	1	2808143	2810529	7	6	0
38	17	 6	 6	1	2825051	2826739	6	6	1
39	81	 9	 7	1	7219519	7229797	6	7	0
39	82	 9	 7	1	7241502	7245012	7	7	1
39	83	 9	 6	1	7274355	7276732	6	6	1
39	14	 4	 6	1	7303654	7307280	7	6	0
39	15	 5	 6	1	7315952	7317775	6	6	1
39	22	 4	 6	1	7326494	7328765	6	6	1
39	3	 1	 6	1	7344817	7346823	6	6	1
39	16	 6	 7	1	7401800	7405891	7	7	1
39	10	 8	 7	1	7414686	7417175	7	7	1
39	25	 7	 7	1	7459983	7463625	7	7	1
39	6	 4	 7	1	7488034	7490727	7	7	1
39	32	 6	 6	1	7521251	7523524	6	6	1
39	5	 3	 7	1	7549379	7551855	7	7	1
39	27	 1	 7	1	7566801	7569844	7	7	1
39	8	 6	 7	1	7625367	7627439	7	7	1
39	28	 2	 7	1	7644459	7646800	7	7	1
39	29	 3	 6	1	7656179	7658814	6	6	1
39	11	 1	 7	1	7682008	7685854	6	7	0
39	4	 2	 7	1	7693404	7695254	7	7	1
39	9	 7	 6	1	7710113	7712443	6	6	1
39	21	 3	 6	1	7719929	7722458	6	6	1
39	1	 7	 7	1	7737340	7739463	7	7	1
39	19	 1	 6	1	7754604	7758324	6	6	1
39	17	 7	 6	1	7781053	7782730	6	6	1
39	26	 8	 6	1	7807349	7812589	6	6	1
39	24	 6	 7	1	7827721	7830119	7	7	1
39	23	 5	 7	1	7849465	7850935	7	7	1
39	2	 8	 6	1	7892595	7894607	6	6	1
39	18	 8	 7	1	7901402	7903277	7	7	1
39	20	 2	 6	1	7910424	7913301	6	6	1
39	7	 5	 6	1	7920509	7925839	6	6	1
39	31	 5	 7	1	7939958	7942123	7	7	1
39	12	 2	 7	1	7956500	7958809	7	7	1
39	30	 4	 6	1	7966017	7967681	6	6	1
39	13	 3	 6	1	7981637	7983014	6	6	1
40	83	 9	 6	1	12059947	12062402	6	6	1
40	82	 9	 7	1	12072621	12075436	7	7	1
40	81	 9	 7	1	12104103	12109913	7	7	1
40	25	 8	 7	1	12121667	12123111	7	7	1
40	7	 6	 6	1	12200953	12204576	6	6	1
40	13	 4	 6	1	12231245	12233169	6	6	1
40	20	 3	 6	1	12244896	12247097	6	6	1
40	32	 7	 6	1	12270098	12271695	6	6	1
40	2	 1	 6	1	12282584	12284366	6	6	1
40	22	 5	 6	1	12336367	12338835	6	6	1
40	17	 8	 6	1	12373212	12374752	6	6	1
40	30	 5	 6	1	12435527	12437114	6	6	1
40	28	 3	 7	1	12466386	12469277	7	7	1
40	5	 4	 7	1	12570174	12572400	7	7	1
40	31	 6	 7	1	12594766	12596126	7	7	1
40	3	 2	 6	1	12609460	12611218	6	6	1
40	29	 4	 6	1	12677489	12679472	6	6	1
40	23	 6	 7	1	12739794	12741026	7	7	1
40	26	 1	 6	1	12749966	12753798	6	6	1
40	9	 8	 6	1	12768252	12770583	6	6	1
40	4	 3	 7	1	12809201	12810726	7	7	1
40	27	 2	 7	1	12829667	12833163	7	7	1
40	11	 2	 7	1	12865840	12869552	7	7	1
40	12	 3	 7	1	12878979	12880895	7	7	1
40	15	 6	 6	1	12888188	12889834	6	6	1
40	18	 1	 7	1	12908933	12911449	7	7	1
40	24	 7	 7	1	12925019	12927602	7	7	1
40	21	 4	 6	1	12951290	12953498	6	6	1
40	14	 5	 6	1	12961427	12963502	6	6	1
40	19	 2	 6	1	12995601	12999449	6	6	1
40	1	 8	 7	1	13018480	13020603	7	7	1
40	16	 7	 7	1	13032737	13036253	7	7	1
40	10	 1	 7	1	13076142	13077905	7	7	1
40	6	 5	 7	1	13091065	13092187	7	7	1
40	8	 7	 7	1	13116225	13117885	7	7	1
41	82	 9	 7	1	24467180	24472981	6	7	0
41	81	 9	 7	1	24485619	24488458	7	7	1
41	83	 9	 6	1	24508915	24510561	6	6	1
41	21	 5	 6	1	24520246	24521756	6	6	1
41	6	 6	 7	1	24539916	24542192	7	7	1
41	30	 6	 6	1	24549721	24552349	6	6	1
41	32	 8	 6	1	24586242	24588466	6	6	1
41	19	 3	 6	1	24606077	24609430	7	6	0
41	12	 4	 7	1	24636911	24639666	7	7	1
41	9	 1	 6	1	24676189	24678393	6	6	1
41	31	 7	 7	1	24690097	24711581	6	7	0
41	2	 2	 6	1	24732770	24734777	6	6	1
41	16	 8	 7	1	24741668	24743534	7	7	1
41	3	 3	 6	1	24782056	24784342	6	6	1
41	28	 4	 7	1	24838597	24841840	7	7	1
41	10	 2	 7	1	24848754	24850810	7	7	1
41	24	 8	 7	1	24893934	24896528	7	7	1
41	26	 2	 6	1	24918090	24921495	6	6	1
41	8	 8	 7	1	24928808	24931207	7	7	1
41	7	 7	 6	1	24943747	24946772	6	6	1
41	13	 5	 6	1	24983469	24985418	6	6	1
41	5	 5	 7	1	24995082	24997474	7	7	1
41	18	 2	 7	1	25005632	25008368	7	7	1
41	14	 6	 6	1	25030956	25032735	6	6	1
41	1	 1	 7	1	25065139	25067810	7	7	1
41	22	 6	 6	1	25090832	25098364	7	6	0
41	17	 1	 6	1	25107655	25109517	6	6	1
41	27	 3	 7	1	25117504	25119119	7	7	1
41	11	 3	 7	1	25127920	25130080	7	7	1
41	29	 5	 6	1	25141795	25143579	6	6	1
41	20	 4	 6	1	25183877	25185914	6	6	1
41	15	 7	 6	1	25212684	25214402	6	6	1
41	23	 7	 7	1	25239169	25242280	7	7	1
41	4	 4	 7	1	25278744	25280757	7	7	1
41	25	 1	 7	1	25290417	25292165	7	7	1
42	81	 9	 7	1	842122	849867	6	7	0
42	83	 9	 6	1	864481	866008	6	6	1
42	82	 9	 7	1	930917	933719	7	7	1
42	5	 6	 7	1	958226	963017	7	7	1
42	19	 4	 6	1	972254	975882	6	6	1
42	20	 5	 6	1	984575	986298	6	6	1
42	15	 8	 6	1	995301	997255	6	6	1
42	11	 4	 7	1	1005945	1009544	7	7	1
42	13	 6	 6	1	1037168	1039197	6	6	1
42	31	 8	 7	1	1061215	1065340	7	7	1
42	7	 8	 6	1	1081100	1087292	6	6	1
42	28	 5	 7	1	1204383	1208227	7	7	1
42	22	 7	 6	1	1301271	1303072	6	6	1
42	14	 7	 6	1	1341897	1344215	6	6	1
42	26	 3	 6	1	1351795	1355303	6	6	1
42	30	 7	 6	1	1362516	1364366	6	6	1
42	6	 7	 7	1	1382320	1383968	7	7	1
42	24	 1	 7	1	1406808	1410902	7	7	1
42	18	 3	 7	1	1451648	1454993	7	7	1
42	3	 4	 6	1	1487702	1489814	6	6	1
42	16	 1	 7	1	1514177	1516627	7	7	1
42	12	 5	 7	1	1523661	1525867	7	7	1
42	9	 2	 6	1	1564560	1569127	6	6	1
42	4	 5	 7	1	1576642	1581424	7	7	1
42	23	 8	 7	1	1587674	1589369	7	7	1
42	1	 2	 7	1	1602342	1611816	7	7	1
42	25	 2	 7	1	1635170	1638019	7	7	1
42	21	 6	 6	1	1657795	1660226	6	6	1
42	32	 1	 6	1	1686166	1688401	6	6	1
42	17	 2	 6	1	1735100	1736719	6	6	1
42	29	 6	 6	1	1743785	1745909	6	6	1
42	10	 3	 7	1	1785184	1787273	7	7	1
42	8	 1	 7	1	1803523	1806364	7	7	1
42	2	 3	 6	1	1812080	1814079	6	6	1
42	27	 4	 7	1	1820590	1822159	7	7	1
43	83	 9	 6	1	6318694	6320273	6	6	1
43	81	 9	 7	1	6341326	6342842	7	7	1
43	82	 9	 7	1	6350237	6352352	7	7	1
43	2	 4	 6	1	6378729	6382748	7	6	0
43	20	 6	 6	1	6389124	6390570	6	6	1
43	27	 5	 7	1	6404941	6406989	7	7	1
43	1	 3	 7	1	6426926	6429083	7	7	1
43	4	 6	 7	1	6435531	6436852	6	7	0
43	3	 5	 6	1	6448597	6450411	6	6	1
43	28	 6	 7	1	6496243	6499017	7	7	1
43	11	 5	 7	1	6512175	6513515	7	7	1
43	14	 8	 6	1	6520799	6522312	6	6	1
43	7	 1	 6	1	6530016	6532018	6	6	1
43	21	 7	 6	1	6546657	6548236	6	6	1
43	10	 4	 7	1	6555066	6556719	7	7	1
43	30	 8	 6	1	6575922	6577133	6	6	1
43	17	 3	 6	1	6599035	6601419	6	6	1
43	16	 2	 7	1	6625064	6626713	7	7	1
43	6	 8	 7	1	6638049	6639854	7	7	1
43	31	 1	 7	1	6677267	6678670	7	7	1
43	12	 6	 7	1	6695696	6697387	7	7	1
43	5	 7	 7	1	6724511	6728136	7	7	1
43	29	 7	 6	1	6753308	6755205	6	6	1
43	32	 2	 6	1	6762650	6763634	6	6	1
43	13	 7	 6	1	6789741	6791880	6	6	1
43	22	 8	 6	1	6799650	6800870	6	6	1
43	24	 2	 7	1	6807927	6809515	7	7	1
43	23	 1	 7	1	6843046	6844109	7	7	1
43	25	 3	 7	1	6849963	6851899	7	7	1
43	15	 1	 6	1	6859333	6860483	6	6	1
43	18	 4	 7	1	6866151	6868343	7	7	1
43	8	 2	 7	1	6877334	6878317	7	7	1
43	26	 4	 6	1	6884504	6887798	6	6	1
43	19	 5	 6	1	6908346	6910066	6	6	1
43	9	 3	 6	1	6923250	6925036	6	6	1
44	82	 9	 7	1	1326270	1330747	7	7	1
44	81	 9	 7	1	1349623	1351529	7	7	1
44	83	 9	 6	1	1368682	1370762	6	6	1
44	16	 3	 7	1	1390021	1391759	7	7	1
44	3	 6	 6	1	1420311	1422560	6	6	1
44	21	 8	 6	1	1447829	1449440	6	6	1
44	31	 2	 7	1	1468835	1470632	7	7	1
44	28	 7	 7	1	1479398	1481786	7	7	1
44	15	 2	 6	1	1499272	1501102	6	6	1
44	27	 6	 7	1	1516315	1517737	7	7	1
44	5	 8	 7	1	1526145	1528195	7	7	1
44	30	 1	 6	1	1537095	1538295	6	6	1
44	17	 4	 6	1	1565034	1566642	6	6	1
44	7	 2	 6	1	1605910	1609212	6	6	1
44	11	 6	 7	1	1625354	1629662	7	7	1
44	26	 5	 6	1	1647020	1651827	7	6	0
44	1	 4	 7	1	1659155	1661737	7	7	1
44	12	 7	 7	1	1670664	1672748	7	7	1
44	20	 7	 6	1	1727706	1729286	6	6	1
44	22	 1	 6	1	1746440	1749108	7	6	0
44	25	 4	 7	1	1768653	1769627	7	7	1
44	14	 1	 6	1	1778367	1780884	7	6	0
44	23	 2	 7	1	1793100	1795160	7	7	1
44	10	 5	 7	1	1811663	1814099	7	7	1
44	29	 8	 6	1	1825990	1827834	6	6	1
44	32	 3	 6	1	1868116	1869622	6	6	1
44	24	 3	 7	1	1909738	1911151	7	7	1
44	2	 5	 6	1	1918510	1921502	6	6	1
44	19	 6	 6	1	1954933	1956994	7	6	0
44	8	 3	 7	1	1988120	1989404	7	7	1
44	4	 7	 7	1	2000833	2001656	7	7	1
44	9	 4	 6	1	2035438	2038887	6	6	1
44	18	 5	 7	1	2054875	2056073	7	7	1
44	6	 1	 7	1	2065964	2066834	7	7	1
44	13	 8	 6	1	2081099	2082645	6	6	1
45	81	 9	 7	1	16150774	16153686	7	7	1
45	83	 9	 6	1	16172770	16174742	6	6	1
45	82	 9	 7	1	16185989	16187692	7	7	1
45	26	 6	 6	1	16263237	16266009	7	6	0
45	8	 4	 7	1	16274811	16276517	7	7	1
45	9	 5	 6	1	16312892	16314915	6	6	1
45	32	 4	 6	1	16321604	16323887	6	6	1
45	7	 3	 6	1	16331794	16333894	6	6	1
45	21	 1	 6	1	16370752	16371945	6	6	1
45	6	 2	 7	1	16414831	16416357	7	7	1
45	14	 2	 6	1	16424413	16426425	6	6	1
45	31	 3	 7	1	16446899	16448687	7	7	1
45	12	 8	 7	1	16459398	16461095	7	7	1
45	5	 1	 7	1	16474923	16476619	6	7	0
45	25	 5	 7	1	16520994	16522407	7	7	1
45	24	 4	 7	1	16531883	16536131	7	7	1
45	19	 7	 6	1	16546542	16549072	6	6	1
45	13	 1	 6	1	16556765	16558380	6	6	1
45	15	 3	 6	1	16566715	16568010	6	6	1
45	17	 5	 6	1	16575614	16576715	6	6	1
45	20	 8	 6	1	16591193	16592602	6	6	1
45	22	 2	 6	1	16600358	16601626	6	6	1
45	2	 6	 6	1	16609897	16611879	6	6	1
45	29	 1	 6	1	16638447	16640463	6	6	1
45	28	 8	 7	1	16654378	16658007	7	7	1
45	27	 7	 7	1	16671280	16672772	7	7	1
45	3	 7	 6	1	16728993	16730906	6	6	1
45	4	 8	 7	1	16756433	16758148	7	7	1
45	18	 6	 7	1	16779053	16781426	7	7	1
45	10	 6	 7	1	16820672	16822856	7	7	1
45	30	 2	 6	1	16833912	16835145	6	6	1
45	23	 3	 7	1	16841944	16843075	7	7	1
45	11	 7	 7	1	16850477	16852098	6	7	0
45	1	 5	 7	1	16859305	16861647	7	7	1
45	16	 4	 7	1	16879707	16881731	7	7	1
46	81	 9	 7	1	25512112	25515384	6	7	0
46	82	 9	 7	1	25523766	25525323	7	7	1
46	83	 9	 6	1	25543034	25544402	6	6	1
46	12	 1	 7	1	25569280	25571473	7	7	1
46	23	 4	 7	1	25589809	25591094	7	7	1
46	7	 4	 6	1	25598659	25600895	6	6	1
46	3	 8	 6	1	25641627	25643175	6	6	1
46	25	 6	 7	1	25649532	25650667	7	7	1
46	19	 8	 6	1	25656632	25659845	7	6	0
46	11	 8	 7	1	25666970	25668656	7	7	1
46	30	 3	 6	1	25676648	25677685	6	6	1
46	31	 4	 7	1	25698452	25699747	7	7	1
46	17	 6	 6	1	25708194	25709153	6	6	1
46	1	 6	 7	1	25729089	25730250	7	7	1
46	6	 3	 7	1	25737877	25739117	7	7	1
46	4	 1	 7	1	25751716	25752789	7	7	1
46	9	 6	 6	1	25761900	25763729	6	6	1
46	10	 7	 7	1	25785150	25788071	7	7	1
46	15	 4	 6	1	25836505	25838346	6	6	1
46	26	 7	 6	1	25845068	25848767	7	6	0
46	29	 2	 6	1	25857604	25859639	6	6	1
46	24	 5	 7	1	25869900	25871307	7	7	1
46	28	 1	 7	1	25889407	25890765	7	7	1
46	22	 3	 6	1	25896853	25899995	7	6	0
46	20	 1	 6	1	25912452	25916857	7	6	0
46	13	 2	 6	1	25923715	25924744	6	6	1
46	21	 2	 6	1	25936657	25937862	6	6	1
46	2	 7	 6	1	25945175	25946613	6	6	1
46	18	 7	 7	1	26003645	26006149	6	7	0
46	5	 2	 7	1	26013214	26015166	7	7	1
46	8	 5	 7	1	26037225	26038436	7	7	1
46	32	 5	 6	1	26044908	26046722	6	6	1
46	14	 3	 6	1	26089112	26091030	6	6	1
46	27	 8	 7	1	26115081	26116818	7	7	1
46	16	 5	 7	1	26123702	26124896	7	7	1
47	83	 9	 6	1	7198602	7202267	6	6	1
47	81	 9	 7	1	7213199	7215382	7	7	1
47	82	 9	 7	1	7257337	7260537	7	7	1
47	13	 3	 6	1	7285873	7287492	6	6	1
47	26	 8	 6	1	7308437	7310488	6	6	1
47	24	 6	 7	1	7336874	7338797	7	7	1
47	30	 4	 6	1	7388675	7389846	6	6	1
47	16	 6	 7	1	7402800	7404659	7	7	1
47	27	 1	 7	1	7417581	7419411	7	7	1
47	15	 5	 6	1	7458613	7460034	6	6	1
47	11	 1	 7	1	7473190	7475137	7	7	1
47	22	 4	 6	1	7508736	7510336	6	6	1
47	5	 3	 7	1	7533467	7535254	7	7	1
47	29	 3	 6	1	7594950	7597120	6	6	1
47	14	 4	 6	1	7662652	7664978	7	6	0
47	4	 2	 7	1	7696393	7697575	7	7	1
47	17	 7	 6	1	7715112	7718219	6	6	1
47	20	 2	 6	1	7728756	7732378	6	6	1
47	10	 8	 7	1	7758835	7760742	7	7	1
47	21	 3	 6	1	7770541	7772229	6	6	1
47	9	 7	 6	1	7789627	7791583	6	6	1
47	31	 5	 7	1	7830343	7831377	7	7	1
47	19	 1	 6	1	7837602	7839617	7	6	0
47	1	 7	 7	1	7853053	7856661	7	7	1
47	23	 5	 7	1	7884030	7885151	7	7	1
47	18	 8	 7	1	7929331	7930893	7	7	1
47	6	 4	 7	1	7942487	7943309	7	7	1
47	7	 5	 6	1	7956337	7959181	6	6	1
47	28	 2	 7	1	7984522	7986023	7	7	1
47	25	 7	 7	1	8014285	8015337	7	7	1
47	8	 6	 7	1	8028514	8030684	7	7	1
47	3	 1	 6	1	8039044	8040691	6	6	1
47	32	 6	 6	1	8064261	8065962	6	6	1
47	12	 2	 7	1	8149580	8151463	7	7	1
47	2	 8	 6	1	8177392	8179331	6	6	1
48	81	 9	 7	1	9383114	9387554	6	7	0
48	83	 9	 6	1	9399483	9401264	6	6	1
48	82	 9	 7	1	9410996	9412765	7	7	1
48	13	 4	 6	1	9449700	9451673	6	6	1
48	14	 5	 6	1	9467746	9469712	7	6	0
48	8	 7	 7	1	9488942	9491439	7	7	1
48	16	 7	 7	1	9497406	9499212	6	7	0
48	17	 8	 6	1	9526908	9528503	6	6	1
48	32	 7	 6	1	9551584	9554229	6	6	1
48	27	 2	 7	1	9568965	9571001	7	7	1
48	30	 5	 6	1	9593599	9594706	6	6	1
48	10	 1	 7	1	9630986	9632380	7	7	1
48	12	 3	 7	1	9638117	9639977	7	7	1
48	31	 6	 7	1	9647589	9650226	7	7	1
48	20	 3	 6	1	9658459	9660675	6	6	1
48	23	 6	 7	1	9668452	9669751	7	7	1
48	7	 6	 6	1	9688730	9692671	6	6	1
48	5	 4	 7	1	9703761	9706065	7	7	1
48	22	 5	 6	1	9728841	9730721	6	6	1
48	28	 3	 7	1	9751983	9753710	7	7	1
48	3	 2	 6	1	9760201	9762184	6	6	1
48	2	 1	 6	1	9770135	9771581	6	6	1
48	29	 4	 6	1	9787018	9789212	6	6	1
48	4	 3	 7	1	9836136	9837225	7	7	1
48	21	 4	 6	1	9845024	9846777	6	6	1
48	9	 8	 6	1	9856359	9857776	6	6	1
48	19	 2	 6	1	9873126	9877429	7	6	0
48	18	 1	 7	1	9914852	9916373	7	7	1
48	24	 7	 7	1	9925104	9926502	7	7	1
48	1	 8	 7	1	9962251	9963687	7	7	1
48	15	 6	 6	1	9969445	9970416	6	6	1
48	6	 5	 7	1	9978466	9979801	7	7	1
48	25	 8	 7	1	10003032	10004320	7	7	1
48	11	 2	 7	1	10027193	10028115	6	7	0
48	26	 1	 6	1	10045163	10047153	6	6	1
49	83	 9	 6	1	14346305	14348636	6	6	1
49	81	 9	 7	1	14355797	14357151	7	7	1
49	82	 9	 7	1	14364361	14366031	7	7	1
49	16	 8	 7	1	14388905	14390371	7	7	1
49	24	 8	 7	1	14410600	14412715	7	7	1
49	7	 7	 6	1	14425188	14427533	6	6	1
49	20	 4	 6	1	14445965	14447559	6	6	1
49	14	 6	 6	1	14454146	14456025	6	6	1
49	26	 2	 6	1	14467878	14469374	6	6	1
49	29	 5	 6	1	14475254	14476889	6	6	1
49	2	 2	 6	1	14518692	14520231	6	6	1
49	5	 5	 7	1	14553992	14556368	7	7	1
49	15	 7	 6	1	14563277	14564498	6	6	1
49	1	 1	 7	1	14582814	14585175	7	7	1
49	19	 3	 6	1	14596986	14599384	6	6	1
49	10	 2	 7	1	14606046	14607809	7	7	1
49	11	 3	 7	1	14644393	14646927	7	7	1
49	6	 6	 7	1	14654003	14657709	7	7	1
49	23	 7	 7	1	14667434	14669084	7	7	1
49	31	 7	 7	1	14676661	14678589	6	7	0
49	12	 4	 7	1	14685006	14687069	7	7	1
49	25	 1	 7	1	14718457	14719892	7	7	1
49	18	 2	 7	1	14727139	14728239	7	7	1
49	8	 8	 7	1	14735844	14737983	6	7	0
49	4	 4	 7	1	14743982	14745097	7	7	1
49	28	 4	 7	1	14759134	14760451	7	7	1
49	30	 6	 6	1	14774696	14775866	6	6	1
49	17	 1	 6	1	14797498	14798757	6	6	1
49	13	 5	 6	1	14834918	14835837	6	6	1
49	32	 8	 6	1	14847410	14849241	6	6	1
49	22	 6	 6	1	14856100	14857518	6	6	1
49	9	 1	 6	1	14865200	14866512	6	6	1
49	27	 3	 7	1	14872755	14874270	7	7	1
49	21	 5	 6	1	14895132	14897013	6	6	1
49	3	 3	 6	1	14908211	14909442	6	6	1
50	82	 9	 7	1	19029277	19031940	7	7	1
50	83	 9	 6	1	19048682	19050136	6	6	1
50	81	 9	 7	1	19059751	19061085	7	7	1
50	18	 3	 7	1	19076762	19078742	7	7	1
50	5	 6	 7	1	19087251	19089282	7	7	1
50	13	 6	 6	1	19098176	19099568	6	6	1
50	10	 3	 7	1	19137409	19139331	7	7	1
50	7	 8	 6	1	19146436	19149043	6	6	1
50	25	 2	 7	1	19173578	19175019	7	7	1
50	15	 8	 6	1	19201968	19203602	6	6	1
50	21	 6	 6	1	19219325	19220930	6	6	1
50	2	 3	 6	1	19249632	19251950	6	6	1
50	22	 7	 6	1	19275192	19277301	6	6	1
50	11	 4	 7	1	19284377	19286046	7	7	1
50	1	 2	 7	1	19298476	19300176	7	7	1
50	27	 4	 7	1	19307079	19308428	7	7	1
50	29	 6	 6	1	19325692	19327399	6	6	1
50	14	 7	 6	1	19345918	19347890	6	6	1
50	31	 8	 7	1	19357873	19358995	7	7	1
50	23	 8	 7	1	19382781	19383971	7	7	1
50	26	 3	 6	1	19389965	19391740	6	6	1
50	24	 1	 7	1	19420117	19421595	7	7	1
50	4	 5	 7	1	19442312	19443617	7	7	1
50	3	 4	 6	1	19464964	19466656	6	6	1
50	19	 4	 6	1	19521619	19525908	7	6	0
50	16	 1	 7	1	19549096	19551106	7	7	1
50	8	 1	 7	1	19558090	19559721	7	7	1
50	20	 5	 6	1	19598002	19600144	6	6	1
50	30	 7	 6	1	19607486	19609057	6	6	1
50	32	 1	 6	1	19615169	19616637	6	6	1
50	17	 2	 6	1	19634987	19636549	6	6	1
50	9	 2	 6	1	19656305	19657789	6	6	1
50	12	 5	 7	1	19670339	19671973	7	7	1
50	28	 5	 7	1	19679433	19680768	7	7	1
50	6	 7	 7	1	19703427	19704769	7	7	1
51	83	 9	 6	1	2097706	2101619	6	6	1
51	81	 9	 7	1	2113653	2118727	7	7	1
51	82	 9	 7	1	2151040	2153650	7	7	1
51	31	 1	 7	1	2183529	2186004	6	7	0
51	21	 7	 6	1	2203979	2205800	6	6	1
51	17	 3	 6	1	2232192	2234659	6	6	1
51	27	 5	 7	1	2242331	2243981	7	7	1
51	6	 8	 7	1	2256090	2260339	7	7	1
51	22	 8	 6	1	2273049	2274770	6	6	1
51	18	 4	 7	1	2282971	2287731	7	7	1
51	25	 3	 7	1	2295115	2298512	7	7	1
51	28	 6	 7	1	2345437	2349129	7	7	1
51	2	 4	 6	1	2359981	2363827	6	6	1
51	4	 6	 7	1	2400042	2402208	7	7	1
51	12	 6	 7	1	2461196	2464468	7	7	1
51	8	 2	 7	1	2500091	2502538	7	7	1
51	14	 8	 6	1	2516724	2519306	6	6	1
51	11	 5	 7	1	2543933	2547816	7	7	1
51	5	 7	 7	1	2609858	2612118	7	7	1
51	7	 1	 6	1	2621216	2624452	6	6	1
51	10	 4	 7	1	2652092	2654454	7	7	1
51	26	 4	 6	1	2729757	2732974	6	6	1
51	20	 6	 6	1	2765035	2767111	6	6	1
51	16	 2	 7	1	2836964	2838902	7	7	1
51	3	 5	 6	1	2847807	2849655	6	6	1
51	9	 3	 6	1	2875772	2876741	6	6	1
51	13	 7	 6	1	2893134	2894325	6	6	1
51	30	 8	 6	1	2902217	2903280	6	6	1
51	24	 2	 7	1	2911205	2912712	7	7	1
51	32	 2	 6	1	2923279	2924317	6	6	1
51	29	 7	 6	1	2934172	2935700	6	6	1
51	15	 1	 6	1	2942049	2943345	6	6	1
51	1	 3	 7	1	2953470	2955511	7	7	1
51	23	 1	 7	1	2964700	2966091	7	7	1
51	19	 5	 6	1	3040125	3043687	6	6	1
52	81	 9	 7	1	4065867	4068800	7	7	1
52	83	 9	 6	1	4074683	4076722	6	6	1
52	82	 9	 7	1	4090596	4093028	7	7	1
52	1	 4	 7	1	4100755	4105015	7	7	1
52	23	 2	 7	1	4120530	4122230	7	7	1
52	12	 7	 7	1	4135702	4137753	7	7	1
52	10	 5	 7	1	4171549	4173631	7	7	1
52	15	 2	 6	1	4180206	4182486	6	6	1
52	13	 8	 6	1	4203167	4204644	6	6	1
52	9	 4	 6	1	4211392	4213512	6	6	1
52	18	 5	 7	1	4246936	4248774	7	7	1
52	5	 8	 7	1	4272362	4274196	7	7	1
52	8	 3	 7	1	4281084	4282562	7	7	1
52	29	 8	 6	1	4300580	4302729	6	6	1
52	26	 5	 6	1	4317522	4319423	6	6	1
52	21	 8	 6	1	4326187	4328591	6	6	1
52	6	 1	 7	1	4335131	4338877	7	7	1
52	14	 1	 6	1	4346097	4347914	6	6	1
52	19	 6	 6	1	4353628	4357302	7	6	0
52	16	 3	 7	1	4379287	4380755	7	7	1
52	2	 5	 6	1	4415894	4417999	6	6	1
52	7	 2	 6	1	4440907	4443160	6	6	1
52	31	 2	 7	1	4501645	4504165	6	7	0
52	4	 7	 7	1	4528581	4530036	7	7	1
52	24	 3	 7	1	4535672	4537785	7	7	1
52	28	 7	 7	1	4550308	4551672	7	7	1
52	22	 1	 6	1	4557706	4559538	6	6	1
52	27	 6	 7	1	4578451	4579811	7	7	1
52	25	 4	 7	1	4586259	4588814	7	7	1
52	17	 4	 6	1	4614481	4616640	6	6	1
52	3	 6	 6	1	4623248	4624918	6	6	1
52	32	 3	 6	1	4631031	4632410	6	6	1
52	30	 1	 6	1	4643063	4644084	6	6	1
52	20	 7	 6	1	4652286	4654490	6	6	1
52	11	 6	 7	1	4667179	4668431	7	7	1
53	81	 9	 7	1	6661656	6663041	7	7	1
53	82	 9	 7	1	6669265	6670925	7	7	1
53	83	 9	 6	1	6676861	6678125	6	6	1
53	15	 3	 6	1	6724897	6725773	6	6	1
53	5	 1	 7	1	6769114	6770667	7	7	1
53	26	 6	 6	1	6810402	6828468	7	6	0
53	4	 8	 7	1	6892651	6893644	7	7	1
53	12	 8	 7	1	6901912	6902853	7	7	1
53	13	 1	 6	1	6923896	6925035	6	6	1
53	22	 2	 6	1	7001906	7003257	6	6	1
53	17	 5	 6	1	7014835	7015855	6	6	1
53	25	 5	 7	1	7022219	7023206	7	7	1
53	2	 6	 6	1	7035087	7036406	6	6	1
53	32	 4	 6	1	7054679	7055606	6	6	1
53	24	 4	 7	1	7062528	7063465	7	7	1
53	9	 5	 6	1	7082191	7083594	6	6	1
53	28	 8	 7	1	7089451	7090566	7	7	1
53	3	 7	 6	1	7097365	7098196	6	6	1
53	1	 5	 7	1	7104323	7105589	7	7	1
53	18	 6	 7	1	7136625	7137395	7	7	1
53	30	 2	 6	1	7144320	7145124	6	6	1
53	14	 2	 6	1	7152219	7153212	6	6	1
53	20	 8	 6	1	7169631	7170658	6	6	1
53	31	 3	 7	1	7181067	7182595	6	7	0
53	11	 7	 7	1	7189863	7190940	7	7	1
53	21	 1	 6	1	7210853	7211906	6	6	1
53	10	 6	 7	1	7218300	7219315	7	7	1
53	16	 4	 7	1	7225642	7227428	7	7	1
53	19	 7	 6	1	7244604	7246333	7	6	0
53	7	 3	 6	1	7253168	7254559	6	6	1
53	23	 3	 7	1	7276692	7277602	7	7	1
53	29	 1	 6	1	7284576	7285802	6	6	1
53	6	 2	 7	1	7311626	7312927	7	7	1
53	8	 4	 7	1	7319715	7320645	7	7	1
53	27	 7	 7	1	7332352	7333237	7	7	1
54	83	 9	 6	1	9187699	9191115	6	6	1
54	81	 9	 7	1	9200864	9202282	7	7	1
54	82	 9	 7	1	9235403	9237511	7	7	1
54	5	 2	 7	1	9245462	9248177	7	7	1
54	31	 4	 7	1	9256774	9259562	6	7	0
54	15	 4	 6	1	9268978	9270590	6	6	1
54	11	 8	 7	1	9277623	9280129	7	7	1
54	19	 8	 6	1	9322154	9326698	6	6	1
54	7	 4	 6	1	9334007	9337094	6	6	1
54	23	 4	 7	1	9352048	9353937	7	7	1
54	4	 1	 7	1	9361598	9363021	7	7	1
54	24	 5	 7	1	9375586	9378119	7	7	1
54	8	 5	 7	1	9404204	9406057	7	7	1
54	2	 7	 6	1	9413421	9415203	6	6	1
54	10	 7	 7	1	9472446	9475170	7	7	1
54	26	 7	 6	1	9483854	9485923	6	6	1
54	20	 1	 6	1	9493124	9495134	6	6	1
54	25	 6	 7	1	9501696	9504133	7	7	1
54	29	 2	 6	1	9513372	9515545	6	6	1
54	22	 3	 6	1	9565669	9568395	6	6	1
54	13	 2	 6	1	9635900	9637177	6	6	1
54	18	 7	 7	1	9646172	9648820	7	7	1
54	14	 3	 6	1	9670711	9674613	6	6	1
54	1	 6	 7	1	9683083	9686183	7	7	1
54	27	 8	 7	1	9718639	9721131	7	7	1
54	12	 1	 7	1	9728838	9731622	7	7	1
54	6	 3	 7	1	9773568	9776741	7	7	1
54	16	 5	 7	1	9784821	9786773	7	7	1
54	30	 3	 6	1	9811940	9813783	6	6	1
54	32	 5	 6	1	9837674	9839464	6	6	1
54	3	 8	 6	1	9855437	9857102	6	6	1
54	17	 6	 6	1	9885399	9887236	6	6	1
54	28	 1	 7	1	9894919	9897264	7	7	1
54	21	 2	 6	1	9912647	9914618	6	6	1
54	9	 6	 6	1	9923571	9925241	6	6	1
55	81	 9	 7	1	4376936	4390791	6	7	0
55	83	 9	 6	1	4419494	4421201	6	6	1
55	82	 9	 7	1	4433255	4434993	7	7	1
55	5	 3	 7	1	4468083	4471380	6	7	0
55	18	 8	 7	1	4477507	4479152	6	7	0
55	11	 1	 7	1	4508951	4511064	6	7	0
55	4	 2	 7	1	4537460	4539649	7	7	1
55	13	 3	 6	1	4547442	4548643	6	6	1
55	21	 3	 6	1	4577282	4579752	6	6	1
55	15	 5	 6	1	4592613	4594745	6	6	1
55	24	 6	 7	1	4614095	4616093	6	7	0
55	28	 2	 7	1	4647508	4652287	7	7	1
55	10	 8	 7	1	4684612	4686760	7	7	1
55	29	 3	 6	1	4693543	4695943	6	6	1
55	17	 7	 6	1	4720629	4722318	7	6	0
55	7	 5	 6	1	4731609	4733623	6	6	1
55	26	 8	 6	1	4740934	4742650	6	6	1
55	23	 5	 7	1	4802743	4803847	7	7	1
55	1	 7	 7	1	4814628	4817595	7	7	1
55	32	 6	 6	1	4839375	4841781	6	6	1
55	8	 6	 7	1	4858365	4859771	7	7	1
55	22	 4	 6	1	4875754	4878656	6	6	1
55	25	 7	 7	1	4887569	4889150	7	7	1
55	27	 1	 7	1	4907505	4909585	7	7	1
55	19	 1	 6	1	4918559	4921332	7	6	0
55	31	 5	 7	1	4934939	4937478	7	7	1
55	16	 6	 7	1	4961881	4964439	7	7	1
55	6	 4	 7	1	5072587	5074735	7	7	1
55	2	 8	 6	1	5082951	5086153	6	6	1
55	12	 2	 7	1	5125877	5128301	7	7	1
55	30	 4	 6	1	5152564	5153745	6	6	1
55	20	 2	 6	1	5160647	5161926	6	6	1
55	3	 1	 6	1	5176485	5177814	6	6	1
55	14	 4	 6	1	5192215	5193868	6	6	1
55	9	 7	 6	1	5206524	5207670	6	6	1
56	82	 9	 7	1	6741615	6746855	7	7	1
56	83	 9	 6	1	6777400	6780407	6	6	1
56	81	 9	 7	1	6790670	6794061	7	7	1
56	13	 4	 6	1	6861203	6863536	6	6	1
56	14	 5	 6	1	6876277	6880912	6	6	1
56	6	 5	 7	1	6918667	6922522	7	7	1
56	7	 6	 6	1	6983070	6985867	6	6	1
56	25	 8	 7	1	6996046	6997331	7	7	1
56	4	 3	 7	1	7025568	7026970	7	7	1
56	18	 1	 7	1	7059329	7060906	7	7	1
56	3	 2	 6	1	7069513	7071671	6	6	1
56	28	 3	 7	1	7081169	7082621	7	7	1
56	29	 4	 6	1	7089419	7090860	6	6	1
56	10	 1	 7	1	7109570	7111020	7	7	1
56	30	 5	 6	1	7132085	7133110	6	6	1
56	24	 7	 7	1	7141591	7143197	7	7	1
56	27	 2	 7	1	7148571	7149570	7	7	1
56	23	 6	 7	1	7156543	7157445	7	7	1
56	16	 7	 7	1	7165242	7166590	7	7	1
56	1	 8	 7	1	7172223	7173581	7	7	1
56	5	 4	 7	1	7180512	7181916	7	7	1
56	17	 8	 6	1	7199309	7200945	6	6	1
56	8	 7	 7	1	7210404	7211807	7	7	1
56	21	 4	 6	1	7243189	7245038	6	6	1
56	26	 1	 6	1	7259452	7262397	6	6	1
56	11	 2	 7	1	7274466	7275839	7	7	1
56	32	 7	 6	1	7303251	7304527	6	6	1
56	9	 8	 6	1	7313369	7316283	7	6	0
56	31	 6	 7	1	7324535	7326440	7	7	1
56	20	 3	 6	1	7359518	7361666	6	6	1
56	22	 5	 6	1	7372317	7374562	7	6	0
56	19	 2	 6	1	7386349	7390772	6	6	1
56	15	 6	 6	1	7407799	7409047	6	6	1
56	2	 1	 6	1	7421009	7422266	6	6	1
56	12	 3	 7	1	7455483	7456992	7	7	1
57	82	 9	 7	1	8799721	8802235	7	7	1
57	83	 9	 6	1	8808946	8810189	6	6	1
57	81	 9	 7	1	8825721	8826894	7	7	1
57	22	 6	 6	1	8842099	8843248	6	6	1
57	11	 3	 7	1	8875495	8877557	6	7	0
57	2	 2	 6	1	8886796	8888670	6	6	1
57	30	 6	 6	1	8894660	8895688	6	6	1
57	8	 8	 7	1	8953370	8955263	7	7	1
57	14	 6	 6	1	8963002	8965381	7	6	0
57	24	 8	 7	1	8974742	8976341	7	7	1
57	4	 4	 7	1	8983506	8984844	7	7	1
57	15	 7	 6	1	8992037	8993495	6	6	1
57	7	 7	 6	1	9005711	9010130	6	6	1
57	23	 7	 7	1	9015564	9016834	7	7	1
57	27	 3	 7	1	9030785	9032004	7	7	1
57	1	 1	 7	1	9037765	9039491	7	7	1
57	16	 8	 7	1	9060104	9061494	7	7	1
57	13	 5	 6	1	9079057	9080111	6	6	1
57	21	 5	 6	1	9086640	9087995	6	6	1
57	3	 3	 6	1	9094085	9095944	6	6	1
57	32	 8	 6	1	9102236	9103582	6	6	1
57	9	 1	 6	1	9126372	9127959	6	6	1
57	10	 2	 7	1	9165979	9167787	7	7	1
57	17	 1	 6	1	9200341	9201581	6	6	1
57	31	 7	 7	1	9217339	9218315	7	7	1
57	12	 4	 7	1	9225502	9227085	7	7	1
57	26	 2	 6	1	9261726	9263262	6	6	1
57	20	 4	 6	1	9269680	9270810	6	6	1
57	5	 5	 7	1	9278197	9279628	7	7	1
57	6	 6	 7	1	9351138	9352504	7	7	1
57	25	 1	 7	1	9359451	9360384	7	7	1
57	29	 5	 6	1	9389454	9390557	6	6	1
57	19	 3	 6	1	9397021	9401210	6	6	1
57	28	 4	 7	1	9427294	9428776	7	7	1
57	18	 2	 7	1	9460983	9462208	7	7	1
58	83	 9	 6	1	13784971	13786514	6	6	1
58	82	 9	 7	1	13798169	13800147	7	7	1
58	81	 9	 7	1	13811645	13812641	7	7	1
58	29	 6	 6	1	13825725	13827445	6	6	1
58	3	 4	 6	1	13833075	13834923	6	6	1
58	20	 5	 6	1	13878478	13879866	6	6	1
58	10	 3	 7	1	13900837	13902456	7	7	1
58	21	 6	 6	1	13913446	13915114	6	6	1
58	31	 8	 7	1	13921541	13922902	6	7	0
58	9	 2	 6	1	13936072	13937527	7	6	0
58	8	 1	 7	1	13943245	13944460	7	7	1
58	13	 6	 6	1	13950270	13951644	6	6	1
58	5	 6	 7	1	13965703	13967304	7	7	1
58	19	 4	 6	1	13992930	13995130	6	6	1
58	23	 8	 7	1	14024759	14026063	7	7	1
58	6	 7	 7	1	14032587	14033448	7	7	1
58	24	 1	 7	1	14039718	14040753	7	7	1
58	28	 5	 7	1	14054336	14056041	7	7	1
58	17	 2	 6	1	14069328	14070477	6	6	1
58	30	 7	 6	1	14080431	14081574	6	6	1
58	2	 3	 6	1	14087700	14090191	6	6	1
58	26	 3	 6	1	14109268	14111384	6	6	1
58	18	 3	 7	1	14116338	14117463	7	7	1
58	12	 5	 7	1	14131917	14132983	7	7	1
58	7	 8	 6	1	14138903	14141235	6	6	1
58	22	 7	 6	1	14165944	14166777	6	6	1
58	1	 2	 7	1	14199250	14200610	7	7	1
58	14	 7	 6	1	14213466	14214927	6	6	1
58	32	 1	 6	1	14225789	14227485	7	6	0
58	27	 4	 7	1	14264234	14266558	7	7	1
58	15	 8	 6	1	14278286	14279427	6	6	1
58	11	 4	 7	1	14289863	14291312	7	7	1
58	4	 5	 7	1	14297329	14298458	7	7	1
58	25	 2	 7	1	14308124	14308969	7	7	1
58	16	 1	 7	1	14314142	14315350	7	7	1
59	81	 9	 7	1	16034158	16037468	6	7	0
59	83	 9	 6	1	16058695	16060086	6	6	1
59	82	 9	 7	1	16067385	16070184	7	7	1
59	26	 4	 6	1	16087103	16089055	6	6	1
59	9	 3	 6	1	16116996	16119313	6	6	1
59	29	 7	 6	1	16138549	16140195	6	6	1
59	23	 1	 7	1	16184558	16188108	7	7	1
59	28	 6	 7	1	16196068	16198082	7	7	1
59	25	 3	 7	1	16219450	16220996	7	7	1
59	11	 5	 7	1	16250707	16252487	7	7	1
59	14	 8	 6	1	16259740	16261715	7	6	0
59	16	 2	 7	1	16288650	16290509	7	7	1
59	32	 2	 6	1	16297441	16298783	6	6	1
59	5	 7	 7	1	16318182	16320701	7	7	1
59	20	 6	 6	1	16332636	16334347	6	6	1
59	30	 8	 6	1	16348181	16349328	6	6	1
59	31	 1	 7	1	16369697	16372146	7	7	1
59	1	 3	 7	1	16391108	16393728	7	7	1
59	17	 3	 6	1	16399854	16401010	6	6	1
59	27	 5	 7	1	16423938	16425798	7	7	1
59	12	 6	 7	1	16436916	16438965	7	7	1
59	24	 2	 7	1	16444745	16448750	6	7	0
59	13	 7	 6	1	16478878	16480255	6	6	1
59	22	 8	 6	1	16487832	16490250	6	6	1
59	7	 1	 6	1	16521226	16525111	7	6	0
59	19	 5	 6	1	16537557	16539305	7	6	0
59	8	 2	 7	1	16546411	16548291	7	7	1
59	10	 4	 7	1	16566897	16568694	7	7	1
59	6	 8	 7	1	16582278	16585565	6	7	0
59	15	 1	 6	1	16606623	16607807	6	6	1
59	3	 5	 6	1	16612747	16614123	6	6	1
59	4	 6	 7	1	16627532	16628911	7	7	1
59	21	 7	 6	1	16634832	16636832	6	6	1
59	18	 4	 7	1	16642305	16643950	7	7	1
59	2	 4	 6	1	16670573	16672819	6	6	1
60	83	 9	 6	1	18346694	18349199	6	6	1
60	81	 9	 7	1	18363125	18365474	7	7	1
60	82	 9	 7	1	18388800	18392658	7	7	1
60	13	 8	 6	1	18418557	18420378	6	6	1
60	28	 7	 7	1	18464530	18468115	7	7	1
60	5	 8	 7	1	18476387	18479257	7	7	1
60	17	 4	 6	1	18522521	18524575	6	6	1
60	2	 5	 6	1	18535657	18539769	6	6	1
60	29	 8	 6	1	18562351	18564323	6	6	1
60	18	 5	 7	1	18579992	18586842	7	7	1
60	24	 3	 7	1	18622910	18625971	7	7	1
60	7	 2	 6	1	18648981	18661859	6	6	1
60	12	 7	 7	1	18675793	18678832	7	7	1
60	31	 2	 7	1	18721390	18726835	6	7	0
60	6	 1	 7	1	18746052	18750739	7	7	1
60	32	 3	 6	1	18758822	18760746	6	6	1
60	30	 1	 6	1	18785419	18786895	6	6	1
60	26	 5	 6	1	18798385	18800638	6	6	1
60	14	 1	 6	1	18809820	18811783	6	6	1
60	22	 1	 6	1	18819764	18821128	6	6	1
60	10	 5	 7	1	18847312	18852131	7	7	1
60	11	 6	 7	1	18865294	18870292	7	7	1
60	8	 3	 7	1	18892004	18895220	7	7	1
60	25	 4	 7	1	18913751	18915844	7	7	1
60	23	 2	 7	1	18937291	18938882	7	7	1
60	21	 8	 6	1	18963248	18965511	6	6	1
60	4	 7	 7	1	18972311	18974377	7	7	1
60	15	 2	 6	1	18990624	18992225	6	6	1
60	1	 4	 7	1	19010640	19013234	7	7	1
60	3	 6	 6	1	19048676	19050623	6	6	1
60	20	 7	 6	1	19084936	19086988	6	6	1
60	27	 6	 7	1	19094819	19096597	7	7	1
60	16	 3	 7	1	19119536	19122108	7	7	1
60	19	 6	 6	1	19129116	19138673	7	6	0
60	9	 4	 6	1	19148835	19153446	6	6	1
61	82	 9	 7	1	20718656	20721704	6	7	0
61	81	 9	 7	1	20756587	20758496	7	7	1
61	83	 9	 6	1	20765287	20766564	6	6	1
61	27	 7	 7	1	20787982	20789352	7	7	1
61	18	 6	 7	1	20796489	20797945	7	7	1
61	20	 8	 6	1	20814033	20815902	6	6	1
61	8	 4	 7	1	20838581	20840112	7	7	1
61	6	 2	 7	1	20867918	20869392	7	7	1
61	22	 2	 6	1	20879151	20881874	6	6	1
61	10	 6	 7	1	20891494	20893664	7	7	1
61	21	 1	 6	1	20908387	20910158	6	6	1
61	30	 2	 6	1	20931447	20932478	6	6	1
61	31	 3	 7	1	20961363	20963732	6	7	0
61	19	 7	 6	1	20991155	20995106	6	6	1
61	13	 1	 6	1	21022288	21023650	6	6	1
61	5	 1	 7	1	21031164	21033453	7	7	1
61	2	 6	 6	1	21073137	21074631	6	6	1
61	7	 3	 6	1	21108246	21111277	6	6	1
61	11	 7	 7	1	21119379	21120267	6	7	0
61	28	 8	 7	1	21127471	21129316	7	7	1
61	29	 1	 6	1	21160942	21162892	6	6	1
61	26	 6	 6	1	21173452	21175441	6	6	1
61	1	 5	 7	1	21194065	21196553	7	7	1
61	16	 4	 7	1	21201587	21203812	7	7	1
61	32	 4	 6	1	21233752	21235336	6	6	1
61	24	 4	 7	1	21242427	21246067	7	7	1
61	14	 2	 6	1	21255724	21258099	6	6	1
61	12	 8	 7	1	21273872	21275757	7	7	1
61	9	 5	 6	1	21286877	21288948	6	6	1
61	17	 5	 6	1	21305889	21307109	6	6	1
61	15	 3	 6	1	21316546	21318312	6	6	1
61	23	 3	 7	1	21327133	21328349	7	7	1
61	4	 8	 7	1	21382249	21384178	7	7	1
61	25	 5	 7	1	21444745	21446042	7	7	1
61	3	 7	 6	1	21461716	21463133	6	6	1
62	81	 9	 7	1	25711300	25715588	6	7	0
62	83	 9	 6	1	25723724	25725056	6	6	1
62	82	 9	 7	1	25740618	25742186	7	7	1
62	17	 6	 6	1	25796611	25798397	6	6	1
62	2	 7	 6	1	25805597	25807696	6	6	1
62	11	 8	 7	1	25827674	25831183	7	7	1
62	5	 2	 7	1	25837412	25840047	7	7	1
62	15	 4	 6	1	25846903	25848165	6	6	1
62	31	 4	 7	1	25854710	25858249	6	7	0
62	29	 2	 6	1	25882462	25884060	6	6	1
62	13	 2	 6	1	25890411	25891788	6	6	1
62	26	 7	 6	1	25900226	25901746	6	6	1
62	22	 3	 6	1	25910707	25912089	6	6	1
62	8	 5	 7	1	25927743	25929795	7	7	1
62	25	 6	 7	1	25937989	25939473	7	7	1
62	32	 5	 6	1	25953327	25954757	6	6	1
62	6	 3	 7	1	25973628	25975427	7	7	1
62	20	 1	 6	1	26005359	26006977	6	6	1
62	23	 4	 7	1	26014775	26016434	7	7	1
62	16	 5	 7	1	26025483	26027273	7	7	1
62	12	 1	 7	1	26040092	26041988	7	7	1
62	10	 7	 7	1	26059093	26064063	7	7	1
62	4	 1	 7	1	26093974	26095893	7	7	1
62	7	 4	 6	1	26101870	26104173	6	6	1
62	28	 1	 7	1	26123051	26124791	7	7	1
62	9	 6	 6	1	26130363	26132047	6	6	1
62	30	 3	 6	1	26152744	26153873	6	6	1
62	1	 6	 7	1	26158624	26160345	7	7	1
62	24	 5	 7	1	26179366	26182375	6	7	0
62	19	 8	 6	1	26223665	26225694	6	6	1
62	27	 8	 7	1	26270770	26273085	7	7	1
62	14	 3	 6	1	26283247	26285236	6	6	1
62	3	 8	 6	1	26300704	26303403	6	6	1
62	21	 2	 6	1	26308639	26310016	6	6	1
62	18	 7	 7	1	26316032	26319807	6	7	0
63	83	 9	 6	1	5610056	5613017	6	6	1
63	82	 9	 7	1	5624439	5627126	6	7	0
63	81	 9	 7	1	5633345	5636509	7	7	1
63	3	 1	 6	1	5653719	5656457	6	6	1
63	27	 1	 7	1	5662636	5665130	7	7	1
63	26	 8	 6	1	5670506	5674715	6	6	1
63	32	 6	 6	1	5686502	5688467	6	6	1
63	23	 5	 7	1	5700870	5702743	7	7	1
63	14	 4	 6	1	5722275	5725152	6	6	1
63	1	 7	 7	1	5731116	5733676	7	7	1
63	31	 5	 7	1	5744020	5747706	7	7	1
63	24	 6	 7	1	5758033	5762325	7	7	1
63	16	 6	 7	1	5778847	5780887	7	7	1
63	7	 5	 6	1	5803345	5805895	6	6	1
63	2	 8	 6	1	5848899	5851111	6	6	1
63	8	 6	 7	1	5857273	5859441	7	7	1
63	22	 4	 6	1	5886627	5890608	7	6	0
63	19	 1	 6	1	5912777	5917665	6	6	1
63	13	 3	 6	1	5940479	5942117	6	6	1
63	21	 3	 6	1	5961699	5963338	6	6	1
63	25	 7	 7	1	5973493	5975455	7	7	1
63	5	 3	 7	1	5988067	5991481	7	7	1
63	20	 2	 6	1	5996316	5999102	6	6	1
63	4	 2	 7	1	6010270	6012595	7	7	1
63	12	 2	 7	1	6022076	6025049	7	7	1
63	10	 8	 7	1	6032054	6035297	7	7	1
63	15	 5	 6	1	6052233	6053679	6	6	1
63	29	 3	 6	1	6065971	6067676	6	6	1
63	18	 8	 7	1	6107877	6110398	7	7	1
63	30	 4	 6	1	6119624	6121089	6	6	1
63	28	 2	 7	1	6130646	6133161	7	7	1
63	11	 1	 7	1	6148517	6152425	7	7	1
63	6	 4	 7	1	6231266	6233518	7	7	1
63	9	 7	 6	1	6239809	6241586	6	6	1
63	17	 7	 6	1	6251784	6253846	6	6	1
64	82	 9	 7	1	10161424	10164188	6	7	0
64	81	 9	 7	1	10177630	10179210	7	7	1
64	83	 9	 6	1	10191669	10193122	6	6	1
64	17	 8	 6	1	10227412	10229565	6	6	1
64	1	 8	 7	1	10253905	10257053	6	7	0
64	32	 7	 6	1	10295412	10297281	6	6	1
64	7	 6	 6	1	10312564	10314860	6	6	1
64	3	 2	 6	1	10327100	10329572	6	6	1
64	26	 1	 6	1	10363298	10364612	6	6	1
64	10	 1	 7	1	10372188	10373890	7	7	1
64	8	 7	 7	1	10385959	10387761	7	7	1
64	4	 3	 7	1	10395003	10396604	7	7	1
64	12	 3	 7	1	10403260	10404505	7	7	1
64	14	 5	 6	1	10417638	10419479	6	6	1
64	25	 8	 7	1	10426563	10427669	7	7	1
64	30	 5	 6	1	10462711	10464202	6	6	1
64	23	 6	 7	1	10477527	10478504	7	7	1
64	28	 3	 7	1	10488391	10489900	7	7	1
64	20	 3	 6	1	10556724	10559346	6	6	1
64	15	 6	 6	1	10574798	10576275	6	6	1
64	11	 2	 7	1	10611135	10613702	7	7	1
64	9	 8	 6	1	10619832	10621849	6	6	1
64	13	 4	 6	1	10635154	10637162	6	6	1
64	21	 4	 6	1	10654409	10657234	6	6	1
64	24	 7	 7	1	10665024	10669426	6	7	0
64	29	 4	 6	1	10714512	10716841	6	6	1
64	16	 7	 7	1	10768691	10770604	7	7	1
64	22	 5	 6	1	10781341	10783222	6	6	1
64	5	 4	 7	1	10791701	10794586	7	7	1
64	19	 2	 6	1	10811531	10814233	6	6	1
64	27	 2	 7	1	10834157	10836071	6	7	0
64	18	 1	 7	1	10842234	10843443	7	7	1
64	6	 5	 7	1	10856901	10859061	7	7	1
64	31	 6	 7	1	10867504	10869015	7	7	1
64	2	 1	 6	1	10873696	10875131	6	6	1
