seq,subj,item,cond,R1,R2,R3,R4
57,1,1,1,,,217,
60,1,2,2,,,,
17,1,3,3,,245,224,
3,1,4,4,,243,298,
54,1,5,5,,169,344,
20,1,6,6,,190,,
56,1,7,7,,160,194,
27,1,8,8,,160,,
50,1,9,1,,221,275,
19,1,11,3,,,188,
28,1,12,4,,213,178,
45,1,13,5,,194,459,
68,1,14,6,,287,319,
62,1,15,7,,337,,
64,1,16,8,,,263,
21,1,17,1,,,288,
52,1,18,2,,339,,
29,1,19,3,,196,245,
26,1,21,5,,280,,
46,1,22,6,,,292,
5,1,23,7,,253,,
32,1,24,8,,,,
31,1,25,1,,,288,
66,1,26,2,,,160,
12,1,27,3,,206,226,
40,1,28,4,,241,386,
7,1,29,5,,204,355,
11,1,30,6,,250,234,
18,1,31,7,,280,,
1,1,32,8,,276,,
38,1,33,1,,259,168,
53,1,34,2,,307,,
72,1,35,3,,184,382,
73,1,36,4,,163,322,
36,1,37,5,,,,
59,1,38,6,,297,212,
22,1,39,7,,194,306,
39,1,41,1,,,220,
47,1,43,3,,,152,
24,1,44,4,,229,213,
51,1,45,5,,171,,
61,1,46,6,,,269,
44,1,47,7,,176,,
15,1,48,8,,,195,
42,1,49,1,,231,419,
30,1,50,2,,,146,
2,1,51,3,,,246,
33,1,52,4,,,197,
65,1,53,5,,,220,
23,1,54,6,,264,,
4,1,55,7,,368,357,
16,1,56,8,,170,282,
8,1,57,1,,249,,
25,1,59,3,,234,196,
34,1,60,4,,,228,
55,1,61,5,,269,295,
13,1,62,6,,229,,
10,1,63,7,,214,261,
49,1,64,8,,266,242,
71,1,65,1,,253,427,
63,1,66,2,,,181,
48,1,67,3,,187,225,
58,1,68,4,,269,204,
0,1,69,5,,,170,
37,1,70,6,,251,202,
14,1,71,7,,215,,
6,1,72,8,,160,155,
69,1,73,1,,,293,
67,1,74,2,,,,
41,1,75,3,,255,179,
9,1,76,4,,254,324,
70,1,77,5,,223,412,
43,1,78,6,,212,,
35,1,79,7,,121,,
43,2,1,2,,192,131,
37,2,2,3,,,,
19,2,3,4,,133,220,
49,2,4,5,,279,253,
63,2,5,6,,,178,
17,2,6,7,,,,
8,2,7,8,,194,256,
0,2,8,1,,,,
27,2,10,3,,,,
9,2,11,4,,227,220,
11,2,12,5,,310,,
22,2,13,6,,,190,
36,2,15,8,,,306,
60,2,16,1,,250,,
65,2,18,3,,,150,
50,2,20,5,,197,199,
6,2,21,6,,200,,
18,2,23,8,,179,,
33,2,24,1,,,252,
34,2,25,2,,213,,
32,2,26,3,185,,177,
59,2,27,4,,180,288,
64,2,28,5,,99,,
23,2,29,6,,177,206,
13,2,30,7,144,262,218,
20,2,32,1,,214,,
21,2,33,2,,227,254,186
38,2,34,3,,250,261,
44,2,35,4,,202,212,
10,2,36,5,,,,
16,2,37,6,,192,156,
61,2,38,7,,201,241,
1,2,39,8,,217,271,
29,2,40,1,,253,359,241
47,2,43,4,,237,,
30,2,44,5,,188,,
25,2,45,6,,,,
3,2,46,7,,224,243,
62,2,47,8,,211,456,
53,2,49,2,,141,202,
45,2,50,3,,,183,
41,2,52,5,,184,289,
7,2,53,6,150,,236,
51,2,54,7,,,210,
42,2,55,8,,241,,
66,2,56,1,,283,,250
35,2,57,2,,250,214,
54,2,58,3,,235,250,
56,2,59,4,,159,,
24,2,60,5,,208,191,
12,2,62,7,,,210,
57,2,63,8,,221,174,
39,2,64,1,,204,193,
58,2,65,2,,,,
48,2,67,4,,168,157,
52,2,68,5,,,,
40,2,70,7,,164,,
31,2,71,8,,210,,
2,2,72,1,,190,280,
55,2,73,2,,170,272,
26,2,74,3,,179,,
15,2,75,4,,196,151,95
28,2,76,5,,161,,
46,2,77,6,,226,224,
14,2,78,7,,303,,
4,2,79,8,,131,,
5,2,80,1,,,,
48,3,1,3,,260,,
18,3,2,4,,268,202,
50,3,3,5,,,,
29,3,4,6,,137,266,
58,3,5,7,,173,,
25,3,6,8,,213,244,
53,3,7,1,,,,
75,3,8,2,,216,87,
66,3,9,3,,246,311,
52,3,10,4,,277,,
3,3,11,5,,233,232,
71,3,12,6,,196,199,
61,3,13,7,,167,220,
19,3,14,8,,185,,
67,3,15,1,173,191,427,
38,3,16,2,,,255,
79,3,17,3,,149,232,
15,3,18,4,,260,251,236
59,3,19,5,,,216,
16,3,20,6,,,200,
49,3,21,7,,148,285,
37,3,22,8,,,271,
76,3,23,1,,247,235,
32,3,24,2,,378,227,
55,3,25,3,,,,
17,3,26,4,,,248,
34,3,27,5,,206,220,
39,3,28,6,,217,,
8,3,29,7,,245,,
36,3,30,8,,194,,215
22,3,31,1,,201,220,
72,3,32,2,,125,,
6,3,33,3,,163,269,
44,3,34,4,,152,275,
57,3,35,5,,207,368,
69,3,36,6,,250,211,
20,3,37,7,214,213,230,
46,3,38,8,,,,
23,3,39,1,,164,200,
78,3,40,2,,291,231,
2,3,41,3,,,245,
40,3,42,4,,,160,
47,3,43,5,,176,171,
62,3,44,6,,253,,
5,3,45,7,,194,233,
4,3,46,8,,203,260,
27,3,47,1,,202,258,
11,3,48,2,,175,181,
33,3,49,3,,,259,
56,3,50,4,,,,
10,3,51,5,,,534,
7,3,52,6,,196,378,
41,3,53,7,,226,526,
45,3,54,8,,,182,
35,3,55,1,,212,231,
68,3,56,2,,,193,
12,3,57,3,,282,307,
73,3,58,4,,,,
43,3,59,5,,233,254,
13,3,60,6,,180,202,
54,3,61,7,,,171,
77,3,62,8,,246,,
0,3,63,1,,271,181,
42,3,64,2,,197,,
60,3,65,3,,442,231,
24,3,66,4,,,164,
14,3,67,5,,164,289,
30,3,68,6,,,,
65,3,69,7,,267,202,
70,3,70,8,,,,
21,3,71,1,,228,280,
31,3,72,2,,181,,
28,3,73,3,,183,409,
74,3,74,4,,,440,
26,3,75,5,,,342,230
64,3,76,6,,183,,
63,3,77,7,,,207,
51,3,78,8,,241,,
1,3,79,1,,271,285,
9,3,80,2,,248,299,
34,4,1,4,,176,214,374
51,4,2,5,,308,184,
55,4,3,6,,,,
8,4,4,7,,,382,227
45,4,5,8,,,382,337
42,4,6,1,,,168,
26,4,7,2,,292,190,341
52,4,8,3,,564,,
77,4,9,4,,,315,
37,4,10,5,,306,398,
19,4,11,6,,239,174,278
38,4,12,7,,164,,
27,4,13,8,,,302,
74,4,14,1,,150,264,
66,4,15,2,232,275,,
72,4,16,3,,,,
68,4,17,4,,197,299,213
75,4,18,5,,,342,
58,4,19,6,,308,234,349
41,4,20,7,,236,,
5,4,21,8,,208,201,
10,4,22,1,,301,188,
54,4,23,2,,182,145,
31,4,24,3,,247,246,284
63,4,25,4,,,239,239
67,4,26,5,,,245,
0,4,27,6,144,279,292,
18,4,28,7,208,327,209,
7,4,29,8,,203,,
33,4,30,1,,194,347,
3,4,31,2,,,311,
39,4,32,3,,406,201,
28,4,33,4,,,,
69,4,34,5,,182,,
44,4,35,6,,212,213,
20,4,36,7,,125,,258
4,4,37,8,,179,,
65,4,38,1,,,308,
61,4,39,2,,184,333,191
46,4,40,3,,,251,166
62,4,41,4,,,151,238
2,4,42,5,,,300,
36,4,43,6,,,303,
30,4,44,7,,247,288,
1,4,45,8,,403,355,308
16,4,46,1,,240,,
17,4,47,2,,242,216,
64,4,48,3,,,441,
70,4,49,4,,244,343,
22,4,50,5,,242,227,
56,4,51,6,,522,196,
21,4,52,7,,222,200,
71,4,53,8,357,322,,606
53,4,54,1,,218,320,185
29,4,55,2,,,194,189
59,4,56,3,,,,
49,4,57,4,,192,205,322
48,4,58,5,,464,274,
11,4,59,6,,,268,
24,4,60,7,,194,,
9,4,61,8,,189,291,318
14,4,62,1,,213,,205
23,4,63,2,,201,,
12,4,64,3,,217,275,
50,4,65,4,,358,250,
57,4,66,5,,318,223,
40,4,67,6,,167,173,340
43,4,68,7,,,203,
32,4,70,1,,176,203,
35,4,71,2,,300,,
15,4,72,3,,313,,378
73,4,74,5,,,,227
6,4,75,6,,221,,571
13,4,76,7,,,223,
76,4,77,8,,440,,
60,4,78,1,,248,310,
47,4,79,2,,226,192,576
25,4,80,3,,274,,
54,5,1,5,,,175,
15,5,2,6,,149,,
38,5,3,7,,,,
32,5,4,8,,203,,
19,5,5,1,,,151,
49,5,6,2,,190,,
74,5,7,3,,,138,
26,5,8,4,,211,295,
21,5,9,5,,171,,
37,5,10,6,,245,,
44,5,11,7,,154,,
12,5,12,8,,200,,
71,5,13,1,,162,,
36,5,14,2,,,263,
27,5,15,3,,162,,
33,5,16,4,,,162,
3,5,17,5,,208,181,
48,5,18,6,,224,337,
22,5,19,7,,,,
68,5,20,8,,225,,
24,5,21,1,,199,234,165
59,5,22,2,,177,175,
0,5,23,3,,158,198,
9,5,24,4,,262,253,
67,5,25,5,,152,194,
75,5,26,6,,,153,
79,5,27,7,,185,,
66,5,28,8,132,261,,
73,5,29,1,,259,,
8,5,30,2,,189,340,
42,5,31,3,,191,,
5,5,32,4,,244,,
45,5,33,5,,,183,
57,5,34,6,,,140,
34,5,35,7,,173,185,
52,5,36,8,,,205,
39,5,37,1,,,265,
60,5,38,2,,224,,
58,5,39,3,,,,
10,5,40,4,,150,,
78,5,41,5,,178,,
29,5,42,6,,,275,
1,5,43,7,,,213,
18,5,44,8,,178,,
6,5,45,1,,,171,
47,5,46,2,,219,,
70,5,47,3,,204,,
77,5,48,4,,,187,
61,5,49,5,,,183,
72,5,50,6,,172,200,
13,5,51,7,,171,163,
16,5,52,8,138,167,171,
7,5,53,1,,165,206,
31,5,54,2,,187,,253
56,5,55,3,,,222,
30,5,56,4,,244,309,
17,5,57,5,,192,178,
20,5,58,6,,209,,
55,5,59,7,,208,358,
43,5,60,8,,190,265,
23,5,61,1,,199,222,
14,5,62,2,,148,255,
4,5,63,3,,213,247,
41,5,64,4,,161,,
28,5,65,5,,157,196,
69,5,66,6,,157,,
46,5,67,7,,,,
53,5,68,8,,,172,
40,5,69,1,,,166,
2,5,70,2,,189,198,
62,5,71,3,,176,,
63,5,72,4,203,,220,
25,5,73,5,,153,168,
76,5,74,6,,,154,
65,5,75,7,,,225,231
50,5,76,8,,,,
64,5,77,1,149,140,,
11,5,78,2,,,,
51,5,79,3,,200,150,
35,5,80,4,,208,216,
18,6,2,7,,241,,
31,6,3,8,,238,274,
42,6,4,1,,193,199,223
23,6,5,2,,,292,
59,6,6,3,,254,,
55,6,7,4,,,,
15,6,8,5,,197,246,
39,6,9,6,,,220,
51,6,10,7,,302,253,
35,6,12,1,,,,145
29,6,13,2,,295,,
47,6,14,3,,235,,
52,6,15,4,,192,,
41,6,16,5,,191,116,213
58,6,17,6,,189,,
49,6,18,7,,,267,
36,6,19,8,,194,,
63,6,20,1,,232,187,
7,6,21,2,,187,255,
22,6,22,3,,119,294,
37,6,23,4,,,152,
56,6,25,6,,237,198,
57,6,26,7,,384,,
24,6,27,8,,249,207,
3,6,28,1,,229,223,
53,6,29,2,,195,190,
4,6,30,3,124,242,202,
45,6,31,4,,192,,
1,6,32,5,,284,238,
14,6,33,6,,153,,
67,6,34,7,,220,267,
44,6,35,8,,188,273,
26,6,37,2,165,142,230,
43,6,38,3,,155,160,
17,6,40,5,,,216,
11,6,41,6,,,,
20,6,42,7,,172,294,
5,6,43,8,,,138,
8,6,44,1,,189,,
64,6,45,2,,,,231
28,6,46,3,,,211,
62,6,47,4,,175,,
19,6,48,5,,213,,
40,6,49,6,,229,,
9,6,50,7,,,,
10,6,51,8,,241,339,
33,6,52,1,,,208,
30,6,53,2,,,,
34,6,54,3,,209,293,
27,6,56,5,,212,,
70,6,57,6,,187,,
68,6,58,7,,161,,
32,6,59,8,,185,447,
25,6,60,1,,207,,
0,6,63,4,,276,,
6,6,64,5,215,157,,
21,6,65,6,,212,,
54,6,66,7,,187,309,
50,6,67,8,,,141,
38,6,68,1,,,197,
71,6,69,2,197,118,150,
16,6,70,3,,221,203,
69,6,71,4,,169,,
66,6,72,5,,187,315,
65,6,73,6,,212,286,
61,6,74,7,,212,400,
48,6,75,8,,,237,195
60,6,76,1,,208,442,
13,6,77,2,202,185,135,
46,6,78,3,,259,314,
2,6,79,4,,132,,
12,6,80,5,,153,,
37,7,1,7,,166,,
34,7,2,8,,160,164,
19,7,3,1,,175,189,
21,7,5,3,,,151,
46,7,6,4,,159,208,
55,7,7,5,,213,156,232
38,7,8,6,,149,222,
17,7,10,8,,165,354,
48,7,11,1,,178,166,
5,7,13,3,,193,158,
28,7,14,4,,142,,
51,7,15,5,,118,157,
12,7,16,6,,153,,
62,7,17,7,,291,262,
15,7,18,8,,,242,218
42,7,19,1,,166,,
27,7,20,2,,166,149,91
32,7,21,3,,,,
44,7,22,4,,,201,
18,7,23,5,,149,,
35,7,24,6,,168,,
43,7,25,7,,313,99,236
23,7,27,1,,132,,
14,7,28,2,,,,
8,7,29,3,,205,182,
40,7,31,5,,149,,
29,7,33,7,,,170,
1,7,35,1,,195,272,
6,7,36,2,,195,127,
11,7,37,3,,,,
9,7,38,4,,165,168,155
36,7,39,5,,216,229,
39,7,40,6,,179,,
59,7,41,7,,,176,
4,7,42,8,,154,191,
13,7,44,2,,151,,
57,7,47,5,,138,,
47,7,48,6,,136,,162
25,7,49,7,,222,,
52,7,50,8,,163,,
2,7,51,1,,145,,
3,7,52,2,,152,,
16,7,53,3,,,178,
53,7,54,4,,172,220,269
22,7,55,5,,182,183,
10,7,56,6,,221,169,
45,7,58,8,,154,,
7,7,60,2,,162,,
60,7,61,3,,156,,
20,7,63,5,,,219,
33,7,64,6,,185,,
31,7,65,7,,222,,
50,7,67,1,,110,159,
30,7,69,3,,155,,
56,7,70,4,,,134,236
0,7,72,6,,161,,
26,7,73,7,,181,247,
41,7,74,8,,144,,
24,7,75,1,,167,159,
61,7,77,3,,157,,
49,7,78,4,,392,266,
54,7,79,5,,131,,
58,7,80,6,,165,,
17,8,1,8,,172,170,
18,8,2,1,,,158,
42,8,3,2,,187,,
64,8,4,3,,,119,
71,8,6,5,,,299,
72,8,7,6,,257,,
7,8,8,7,,183,233,
44,8,9,8,,242,158,
32,8,10,1,,198,184,
15,8,11,2,,177,156,
14,8,12,3,,178,104,
77,8,13,4,,,143,
16,8,14,5,,129,127,
24,8,15,6,,,344,
3,8,16,7,,164,310,
39,8,17,8,,184,108,
51,8,18,1,,263,183,
10,8,19,2,,,224,
56,8,20,3,,126,199,
62,8,21,4,,196,,
66,8,22,5,,,208,
40,8,23,6,,244,275,
6,8,24,7,,207,157,
53,8,25,8,,247,334,
36,8,26,1,162,,142,
28,8,27,2,,144,,
46,8,28,3,,146,225,
4,8,29,4,,174,225,
34,8,30,5,,,246,
13,8,31,6,,281,276,
11,8,32,7,,186,218,
54,8,33,8,,113,,
26,8,34,1,,240,173,
25,8,35,2,,187,167,
37,8,36,3,,142,164,
20,8,37,4,,159,165,
5,8,38,5,,171,196,
55,8,39,6,,212,159,
49,8,40,7,,193,144,
74,8,41,8,,267,,
69,8,42,1,,181,175,
48,8,43,2,,237,159,
12,8,44,3,,,,
75,8,45,4,,,136,
45,8,46,5,,253,251,
43,8,47,6,,302,288,
19,8,48,7,,,176,
61,8,49,8,,171,166,
41,8,50,1,,265,,
67,8,51,2,,191,,
33,8,52,3,,167,285,
0,8,53,4,,,397,
22,8,54,5,,205,258,
29,8,55,6,,,,
68,8,56,7,,166,266,251
58,8,57,8,,164,166,
76,8,58,1,,,167,
2,8,59,2,,163,152,
59,8,60,3,,136,177,
47,8,61,4,,196,349,
70,8,62,5,,184,,
63,8,63,6,,,162,
35,8,64,7,,174,166,
73,8,65,8,,145,,
23,8,66,1,,183,,
8,8,67,2,,189,,
57,8,68,3,,,154,
1,8,69,4,,175,179,
50,8,70,5,,144,152,
21,8,71,6,,173,227,
52,8,72,7,,,283,
60,8,73,8,,,164,
31,8,74,1,,309,,
27,8,75,2,,231,174,142
65,8,76,3,,141,178,
30,8,78,5,,219,,
9,8,79,6,,190,,
38,8,80,7,,217,203,
56,9,1,1,,125,157,
35,9,2,2,,,145,
40,9,3,3,205,282,252,
64,9,4,4,,241,182,
49,9,5,5,,,245,
43,9,6,6,,,391,
48,9,7,7,,219,,
46,9,8,8,,285,,
29,9,10,2,,168,,
38,9,11,3,,,257,
57,9,12,4,,210,190,
30,9,13,5,,134,307,
24,9,14,6,,,214,
61,9,15,7,155,209,,
9,9,16,8,,183,157,
28,9,17,1,,279,280,
58,9,18,2,,258,270,
8,9,19,3,,357,,
62,9,22,6,,,,
41,9,23,7,,133,198,
45,9,24,8,,169,227,
7,9,25,1,,306,228,
4,9,26,2,,,,
3,9,27,3,,200,285,
23,9,28,4,,,,
63,9,29,5,,,,
1,9,30,6,,197,342,
19,9,31,7,,,,
47,9,33,1,,272,,
60,9,35,3,,175,216,
33,9,36,4,,,194,
15,9,37,5,,,,
50,9,40,8,,299,283,235
16,9,41,1,,,257,
17,9,42,2,,160,139,
21,9,43,3,,278,155,
5,9,44,4,,248,348,
59,9,45,5,,,,
39,9,46,6,,,157,
34,9,48,8,,150,,
13,9,49,1,,,,
42,9,51,3,,155,,
0,9,52,4,,181,259,
10,9,54,6,,186,184,
22,9,55,7,,244,,
14,9,56,8,,,,149
18,9,57,1,,285,196,
37,9,59,3,,,306,
27,9,60,4,,151,,
51,9,61,5,,,,
36,9,62,6,,154,223,
54,9,64,8,,294,159,
31,9,65,1,,120,251,
25,9,66,2,,,204,
11,9,67,3,,,232,
44,9,68,4,89,236,172,
32,9,69,5,,,168,
2,9,70,6,,,86,
26,9,72,8,,,391,
6,9,73,1,,248,,
52,9,74,2,,250,,
55,9,75,3,,,259,
53,9,77,5,122,182,183,
20,9,79,7,,,193,
12,9,80,8,,,226,
46,10,1,2,,,,
17,10,2,3,,224,157,
34,10,3,4,,200,,
30,10,6,7,,161,,271
20,10,7,8,,207,,
5,10,8,1,,171,210,
36,10,9,2,,234,181,
9,10,10,3,,252,159,
27,10,12,5,,,,
15,10,14,7,,,,
11,10,15,8,,233,330,
39,10,16,1,,396,,
28,10,17,2,,257,,
3,10,19,4,,,217,
37,10,21,6,,,222,
10,10,22,7,,177,252,
7,10,27,4,,264,,
25,10,29,6,,,210,
51,10,31,8,,268,,
45,10,33,2,,,,
44,10,35,4,,411,242,
31,10,39,8,,293,271,
13,10,41,2,,246,,
8,10,42,3,,,,
0,10,43,4,,,260,
52,10,45,6,,268,,
43,10,46,7,,172,,
49,10,47,8,,213,328,
41,10,48,1,,,,
19,10,49,2,,,277,
21,10,51,4,,,285,
29,10,53,6,,296,506,
14,10,55,8,,,204,
1,10,56,1,,272,222,
24,10,57,2,,252,,
23,10,59,4,,277,207,
4,10,60,5,,138,180,176
40,10,61,6,,,250,
35,10,64,1,,185,211,139
2,10,65,2,,,,
6,10,66,3,,199,335,
12,10,67,4,,,153,
16,10,68,5,,210,236,
50,10,69,6,197,203,290,
38,10,70,7,,190,354,
47,10,71,8,,,182,
48,10,72,1,,178,336,
33,10,75,4,,286,,
18,10,76,5,,,387,
22,10,77,6,178,,157,
32,10,78,7,,92,,123
26,10,79,8,,208,,
42,10,80,1,,178,226,
6,11,1,3,,285,218,
15,11,2,4,,197,277,
44,11,3,5,,198,338,
53,11,4,6,,186,399,
50,11,5,7,,164,,
26,11,6,8,,226,190,
52,11,7,1,,199,223,
40,11,8,2,,,184,
55,11,9,3,,,300,
36,11,10,4,,261,259,
66,11,11,5,,186,178,
22,11,12,6,,,187,
0,11,13,7,,179,265,
46,11,14,8,,147,379,
42,11,15,1,,157,351,
13,11,16,2,,,227,
5,11,17,3,,,217,
72,11,18,4,,268,180,
24,11,19,5,,,153,
70,11,20,6,,186,340,
75,11,21,7,,207,321,
11,11,22,8,,,258,
27,11,23,1,,173,213,
59,11,24,2,,253,216,
20,11,25,3,,191,208,
8,11,26,4,,,209,
34,11,27,5,,169,202,
2,11,28,6,,,,
16,11,29,7,,192,176,
17,11,30,8,,,251,
18,11,31,1,,179,219,
37,11,32,2,,166,366,
54,11,33,3,,214,227,
31,11,34,4,,158,326,
28,11,35,5,,,168,
68,11,36,6,,175,176,
73,11,37,7,,197,183,
25,11,38,8,,179,294,
39,11,39,1,,177,205,
57,11,40,2,,314,245,
69,11,41,3,,204,191,
49,11,42,4,,,288,
10,11,44,6,,236,275,
74,11,45,7,,206,214,
41,11,46,8,,142,,
38,11,47,1,,196,209,
33,11,48,2,,180,216,
9,11,49,3,,232,203,
65,11,50,4,,139,181,237
14,11,51,5,,,211,
67,11,52,6,,413,263,
58,11,54,8,,,193,
1,11,55,1,,256,207,
60,11,56,2,,179,,159
21,11,57,3,,,264,
45,11,58,4,,145,270,
71,11,59,5,,158,201,
7,11,60,6,,248,351,
3,11,61,7,,204,320,
19,11,62,8,,,197,
48,11,63,1,,215,245,
43,11,64,2,,156,138,
29,11,66,4,,368,171,
51,11,67,5,,251,,
56,11,69,7,,196,,
4,11,70,8,,250,,
64,11,71,1,,184,171,
23,11,72,2,,206,226,
35,11,73,3,,218,226,
30,11,74,4,,163,404,
62,11,75,5,,,,325
12,11,76,6,,516,171,
32,11,77,7,,,,
61,11,78,8,,,291,
47,11,79,1,,181,177,
63,11,80,2,,193,,
38,12,1,4,,,139,
19,12,2,5,,226,190,
9,12,5,8,,217,,
46,12,6,1,,204,287,
29,12,7,2,,157,246,
36,12,8,3,,178,249,
2,12,9,4,,186,218,
6,12,10,5,,279,315,
50,12,11,6,,246,214,
26,12,12,7,,175,225,
23,12,14,1,,,207,
12,12,15,2,,133,,
39,12,17,4,,,155,
8,12,18,5,,253,228,
14,12,19,6,,119,220,
42,12,20,7,,,,
41,12,21,8,,147,243,
27,12,22,1,,242,260,
24,12,24,3,,137,,
25,12,27,6,,258,232,
1,12,30,1,,224,266,
0,12,33,4,,138,237,
11,12,35,6,,192,253,
35,12,38,1,,105,174,
4,12,40,3,,131,286,
13,12,41,4,,331,252,
55,12,42,5,,160,,
52,12,43,6,,173,192,
54,12,44,7,,,129,
28,12,46,1,,194,231,
43,12,47,2,,124,,
20,12,48,3,,220,,
37,12,49,4,,,250,
18,12,51,6,,183,230,
53,12,52,7,,205,254,
15,12,53,8,,226,217,
10,12,54,1,,184,219,
47,12,56,3,,255,,
40,12,57,4,,127,156,
51,12,58,5,,133,250,
44,12,59,6,,160,196,
58,12,60,7,,217,299,
48,12,61,8,,,306,
7,12,63,2,,197,360,
59,12,64,3,,204,170,
32,12,65,4,,217,422,
30,12,66,5,,212,315,
56,12,67,6,,,236,
21,12,68,7,,171,220,
3,12,69,8,,,,
45,12,70,1,,,124,
57,12,71,2,,141,,
22,12,72,3,,,141,
5,12,73,4,,159,,
16,12,75,6,,162,222,
17,12,76,7,,182,,
33,12,77,8,,162,206,
31,12,78,1,,283,,
34,12,79,2,,208,211,
49,12,80,3,,208,213,
46,13,1,5,,,,
8,13,2,6,,223,,
75,13,3,7,,153,233,
12,13,4,8,,201,,
4,13,5,1,,177,142,
2,13,6,2,,165,177,
28,13,7,3,,185,352,
37,13,8,4,,142,220,
59,13,9,5,,198,,
15,13,10,6,,,306,
48,13,11,7,,253,268,
39,13,12,8,,217,,
25,13,13,1,,160,162,
68,13,14,2,,181,144,
32,13,15,3,,,185,
70,13,16,4,,,165,
1,13,17,5,,296,239,
63,13,18,6,,135,198,
7,13,19,7,,,331,
10,13,20,8,,183,381,
64,13,21,1,,196,234,
27,13,22,2,,129,234,
26,13,23,3,,313,,
45,13,24,4,,157,176,
3,13,25,5,,211,,
76,13,26,6,,160,245,272
60,13,27,7,,,228,
51,13,28,8,,,,
33,13,29,1,,259,206,
36,13,30,2,,137,201,
13,13,31,3,,158,281,
53,13,32,4,,,179,
0,13,33,5,,210,331,
56,13,34,6,,177,158,
78,13,35,7,,158,210,
21,13,36,8,,,154,
34,13,38,2,,151,,
42,13,39,3,,,134,
16,13,40,4,,,151,
5,13,41,5,,,238,
50,13,42,6,,,,
30,13,43,7,,201,103,
44,13,44,8,,232,,
9,13,45,1,,172,,
73,13,46,2,,164,220,
49,13,47,3,,205,185,
17,13,48,4,,,271,
24,13,49,5,,,190,
74,13,50,6,,,163,
6,13,51,7,,318,,
35,13,52,8,,,277,
23,13,53,1,,306,182,
41,13,54,2,,213,,
40,13,55,3,,,,
20,13,56,4,,171,347,143
38,13,57,5,,189,156,
11,13,58,6,,172,279,
54,13,59,7,,212,180,
72,13,60,8,,190,,
77,13,61,1,,263,,
14,13,62,2,,,231,
52,13,63,3,,243,177,
58,13,64,4,,166,163,
57,13,65,5,,175,234,
66,13,66,6,,144,,
55,13,67,7,,177,192,214
65,13,68,8,,161,,
22,13,69,1,,151,226,
18,13,70,2,,159,147,
31,13,71,3,,209,215,
29,13,72,4,,502,216,
71,13,73,5,,147,233,
62,13,74,6,,,201,
43,13,75,7,,241,205,166
19,13,76,8,,215,346,
67,13,77,1,,259,,
61,13,78,2,,199,,
69,13,79,3,,156,250,
47,13,80,4,,,206,
68,14,1,6,,,,
77,14,2,7,,180,207,
61,14,3,8,,453,,
70,14,4,1,,293,270,
37,14,5,2,,211,197,
64,14,6,3,,161,,
27,14,7,4,,342,,
73,14,8,5,,316,258,
4,14,9,6,,233,172,
53,14,10,7,,309,,
20,14,11,8,280,297,,
12,14,12,1,,162,153,
41,14,13,2,,218,212,
28,14,14,3,,,242,
76,14,15,4,209,,215,
13,14,16,5,,239,174,
39,14,17,6,,193,,
9,14,18,7,,265,263,
34,14,19,8,,326,376,
69,14,20,1,,175,165,
44,14,21,2,,219,,
7,14,22,3,,,,
42,14,23,4,,193,197,
36,14,24,5,,248,632,
1,14,25,6,,286,328,
54,14,26,7,,184,,
45,14,27,8,,197,275,
14,14,29,2,,219,243,
26,14,30,3,,207,174,
58,14,31,4,,205,249,
5,14,32,5,,317,271,
6,14,33,6,,196,115,252
33,14,34,7,,,251,
75,14,35,8,,162,,
71,14,36,1,,248,165,
30,14,37,2,,199,160,
35,14,38,3,,,175,
78,14,39,4,,273,178,
11,14,40,5,,157,,
23,14,41,6,,,231,
24,14,42,7,,193,,
15,14,43,8,,,173,
31,14,44,1,,,167,
63,14,45,2,,,220,
52,14,46,3,,267,246,
40,14,47,4,,324,238,
51,14,48,5,,178,318,
2,14,49,6,,249,203,
18,14,50,7,,223,311,
66,14,51,8,,206,278,
57,14,52,1,,209,257,
47,14,53,2,,437,293,
8,14,54,3,,364,,
22,14,55,4,,,,
67,14,56,5,,,298,664
56,14,57,6,,,,
16,14,58,7,,273,224,
21,14,59,8,,144,248,
60,14,60,1,,247,143,
3,14,61,2,,,,
25,14,62,3,,273,,
62,14,63,4,,474,164,
50,14,64,5,,185,203,
74,14,65,6,,264,274,
29,14,66,7,,,,
72,14,67,8,,160,,
48,14,68,1,,178,347,
10,14,69,2,,230,,
55,14,70,3,,162,,
65,14,71,4,,224,255,
38,14,72,5,,280,,
59,14,73,6,,195,,
32,14,74,7,,190,,
17,14,75,8,,202,473,338
0,14,76,1,,191,340,
49,14,77,2,168,,348,
19,14,78,3,,,220,
46,14,79,4,,176,273,
43,14,80,5,,226,196,
67,15,1,7,,,190,
4,15,2,8,,,227,
14,15,3,1,,,140,
22,15,6,4,,590,336,
48,15,7,5,,,,477
5,15,8,6,,,,498
17,15,9,7,,,,306
34,15,10,8,,335,,
57,15,11,1,,296,189,187
30,15,12,2,,,,387
27,15,13,3,,,284,
70,15,14,4,,,,264
49,15,16,6,,166,,189
66,15,17,7,,380,,
55,15,18,8,,202,,
23,15,19,1,,309,,
33,15,20,2,,,,
38,15,21,3,,186,,
58,15,22,4,,,267,
13,15,23,5,,295,146,
59,15,24,6,,,,325
68,15,25,7,,319,200,306
20,15,27,1,,,,
12,15,28,2,198,285,423,
9,15,29,3,,199,,
21,15,30,4,237,263,249,
18,15,32,6,,245,349,
44,15,33,7,,159,286,
54,15,34,8,,275,351,
11,15,35,1,,270,,
29,15,38,4,,,,
43,15,39,5,,,152,171
8,15,40,6,,243,,288
69,15,41,7,,506,376,345
2,15,42,8,,,,
37,15,43,1,,195,211,200
24,15,44,2,,,158,
15,15,45,3,,,216,
40,15,46,4,,168,,
25,15,47,5,,227,196,321
42,15,48,6,,175,244,
46,15,49,7,,237,183,328
16,15,50,8,,321,282,296
50,15,51,1,,234,,
39,15,52,2,302,222,,176
31,15,53,3,122,270,,
19,15,54,4,,319,221,207
1,15,55,5,,274,345,376
35,15,56,6,,284,,183
56,15,57,7,,191,,151
6,15,58,8,,343,293,185
63,15,59,1,,,196,
60,15,60,2,,241,144,200
65,15,61,3,,266,,
28,15,62,4,,,,
45,15,63,5,,538,,
53,15,64,6,,,281,
47,15,65,7,,228,332,147
62,15,66,8,,278,,
61,15,67,1,,,195,
26,15,68,2,,,249,195
64,15,69,3,,,375,217
3,15,70,4,,,268,278
51,15,71,5,,161,,178
0,15,72,6,,288,,
52,15,73,7,,,,309
41,15,75,1,,,,
32,15,76,2,,,,
7,15,78,4,,180,328,
10,15,79,5,,302,,
36,15,80,6,,,,
33,16,1,8,,252,327,
44,16,2,1,,181,,
9,16,3,2,,313,240,
16,16,4,3,,310,,
2,16,6,5,,,376,
27,16,7,6,,,,
21,16,8,7,,252,,
29,16,9,8,,224,248,
69,16,10,1,,253,305,
10,16,11,2,,202,279,
15,16,12,3,,209,353,
35,16,13,4,,,187,
40,16,14,5,,374,,
20,16,15,6,150,,,
7,16,16,7,,,,
73,16,17,8,,,330,
45,16,19,2,,,317,
34,16,20,3,,331,322,
39,16,21,4,,,,
8,16,22,5,,297,264,
51,16,23,6,,,215,
64,16,24,7,,319,315,
13,16,25,8,,,,
55,16,26,1,,,318,
60,16,27,2,,328,,
48,16,28,3,,464,599,
61,16,29,4,,363,,
22,16,30,5,,254,345,
54,16,31,6,,181,278,
59,16,32,7,,,229,
53,16,33,8,,202,,
46,16,34,1,,,,
4,16,35,2,,,247,
6,16,36,3,,217,274,
52,16,37,4,,,,
26,16,38,5,,,,
42,16,39,6,,252,314,
49,16,40,7,,225,306,
74,16,41,8,,253,,
36,16,42,1,,367,,
63,16,43,2,,,,
41,16,44,3,,,307,
72,16,45,4,,,312,
17,16,46,5,,,231,
0,16,47,6,,263,468,
23,16,48,7,,169,262,
66,16,49,8,,228,,
31,16,51,2,,,581,
47,16,52,3,,246,,
1,16,53,4,,,,
57,16,54,5,,238,,
25,16,55,6,,265,,
71,16,56,7,,352,,
75,16,57,8,,250,322,
24,16,58,1,,188,289,
50,16,59,2,,203,349,
65,16,60,3,,,262,
37,16,61,4,,,327,
32,16,62,5,,,375,
11,16,63,6,,,,
43,16,64,7,,,226,
68,16,65,8,,494,,
28,16,66,1,,,225,
62,16,68,3,,326,263,
5,16,69,4,,312,751,
18,16,70,5,,248,311,
12,16,71,6,,207,427,
38,16,72,7,,,,
30,16,73,8,,151,458,
19,16,74,1,,237,348,
56,16,75,2,,274,214,321
70,16,76,3,,378,,
14,16,77,4,,450,,
58,16,78,5,,,270,
67,16,79,6,,,291,
3,16,80,7,,316,258,
59,17,1,1,,,353,
27,17,3,3,331,263,315,
9,17,4,4,,257,198,
14,17,5,5,,356,235,
64,17,6,6,,,281,
62,17,7,7,,281,290,
48,17,10,2,,,,
30,17,11,3,,257,226,
50,17,12,4,,230,199,
20,17,13,5,330,218,278,
6,17,14,6,,471,271,
67,17,15,7,277,235,,
1,17,16,8,,360,265,
63,17,17,1,,157,316,
44,17,18,2,,253,289,484
40,17,19,3,,347,323,
5,17,20,4,,298,,
54,17,21,5,,279,267,
25,17,22,6,,210,399,
2,17,24,8,,294,285,
68,17,25,1,,389,378,746
53,17,26,2,275,231,407,260
29,17,27,3,,259,314,
18,17,28,4,,310,,
56,17,29,5,,196,254,
28,17,31,7,,320,,
61,17,32,8,,235,288,
7,17,33,1,,309,,
33,17,35,3,,,325,
16,17,36,4,,268,270,
3,17,37,5,,222,296,
23,17,39,7,,,296,
17,17,40,8,,245,277,
35,17,41,1,,308,,
11,17,42,2,,191,,
45,17,43,3,,261,258,
36,17,44,4,,191,254,
49,17,45,5,,474,306,
66,17,47,7,,247,214,
10,17,48,8,,188,,
43,17,49,1,,222,225,
41,17,50,2,,403,260,
19,17,52,4,,,233,
57,17,53,5,,,271,
24,17,54,6,,213,371,
39,17,56,8,,,223,
38,17,57,1,,,230,
55,17,58,2,,280,274,
46,17,59,3,,178,230,158
8,17,60,4,,,253,
60,17,61,5,,251,293,
65,17,63,7,,275,,
37,17,64,8,,236,,
31,17,65,1,,277,248,
58,17,66,2,,261,205,
32,17,67,3,,181,215,
42,17,68,4,,,,
22,17,69,5,334,,286,
26,17,70,6,,,278,
47,17,71,7,,199,269,207
51,17,72,8,,221,356,
0,17,73,1,,,,
4,17,74,2,,187,549,
12,17,75,3,,,379,
21,17,76,4,,,360,
34,17,77,5,260,278,,
52,17,78,6,,242,349,
15,17,79,7,,234,222,
13,17,80,8,,317,365,
16,18,1,2,,,182,
44,18,2,3,,187,158,273
23,18,4,5,,239,,
43,18,5,6,,,273,174
4,18,6,7,,,419,
45,18,7,8,,,159,
9,18,8,1,,,229,
22,18,9,2,,127,,
32,18,10,3,,214,,
37,18,11,4,127,161,227,237
14,18,12,5,,174,,
1,18,13,6,,,230,
47,18,14,7,,400,,
33,18,15,8,156,,,
72,18,16,1,,190,,
6,18,17,2,,,153,
29,18,18,3,,,185,263
57,18,19,4,,,179,
48,18,20,5,,222,,
64,18,21,6,,204,159,
61,18,22,7,,270,,
65,18,23,8,140,157,,
30,18,24,1,,,,
46,18,25,2,129,176,138,153
54,18,26,3,,156,,
36,18,28,5,,,176,
71,18,29,6,,172,,190
75,18,30,7,152,249,,
69,18,31,8,,,332,
3,18,32,1,,196,,
38,18,33,2,,185,175,
13,18,34,3,,,177,
17,18,35,4,,,,
24,18,36,5,,286,287,190
56,18,37,6,,164,,
10,18,38,7,,,210,
8,18,39,8,,280,157,
26,18,40,1,,233,,
39,18,41,2,,231,181,198
74,18,42,3,,,213,
25,18,43,4,,,169,
7,18,44,5,,253,,
52,18,45,6,,,,189
15,18,46,7,,188,,
63,18,47,8,,227,,
70,18,48,1,,217,238,
11,18,49,2,,165,,
60,18,50,3,176,,,
28,18,51,4,,295,,
20,18,52,5,,200,,
50,18,53,6,215,,167,
40,18,54,7,,204,,
5,18,55,8,,,,
18,18,56,1,,220,,366
21,18,57,2,,,207,
76,18,58,3,187,203,,219
19,18,59,4,,256,212,
58,18,60,5,,,193,
27,18,61,6,,376,,287
55,18,62,7,,182,,265
62,18,63,8,,,,174
53,18,64,1,,,152,
31,18,65,2,,280,222,194
67,18,66,3,,,230,
73,18,67,4,,,156,
66,18,68,5,,149,,211
41,18,69,6,131,,147,
49,18,70,7,,,,
68,18,71,8,,192,,154
35,18,72,1,,,341,
12,18,73,2,,,,217
2,18,74,3,,,,
34,18,75,4,,,189,134
0,18,76,5,,,239,
51,18,78,7,,261,,164
42,18,79,8,,,,
59,18,80,1,,161,222,
68,19,1,3,,238,,
14,19,2,4,,412,,
75,19,3,5,,232,322,
17,19,4,6,,274,540,
57,19,5,7,,196,168,
43,19,6,8,,496,,
71,19,7,1,,136,182,
0,19,8,2,,190,152,
54,19,9,3,,166,258,
62,19,10,4,,264,212,
50,19,11,5,,242,,
11,19,12,6,,166,,
37,19,13,7,,226,252,
31,19,15,1,,478,212,
61,19,16,2,,,200,
67,19,17,3,,300,340,
56,19,18,4,,212,178,
22,19,19,5,,372,,
76,19,20,6,,232,188,
16,19,21,7,,180,204,
13,19,22,8,,238,506,
34,19,23,1,,310,190,
38,19,24,2,,,362,
23,19,25,3,,266,,
65,19,26,4,,120,188,246
15,19,27,5,,400,,
74,19,28,6,,382,,
47,19,29,7,,270,434,
58,19,30,8,,202,,
25,19,31,1,,166,,
59,19,33,3,,184,148,
8,19,34,4,,356,,
29,19,35,5,,196,258,
19,19,36,6,,,,
45,19,37,7,,240,344,
39,19,38,8,,170,272,
70,19,39,1,,256,264,
35,19,40,2,,154,222,220
7,19,41,3,,512,,
6,19,42,4,,380,,
73,19,43,5,,,,
9,19,44,6,,,,
33,19,45,7,,334,,
26,19,46,8,,166,304,
60,19,47,1,,,214,
20,19,48,2,,206,286,
5,19,49,3,,212,212,
49,19,50,4,,142,234,
27,19,51,5,,300,,
46,19,52,6,,198,246,
32,19,53,7,,174,234,
30,19,54,8,,226,,
72,19,55,1,,,302,
10,19,56,2,,224,324,
69,19,57,3,,214,194,170
36,19,58,4,,,220,
28,19,59,5,,318,300,
42,19,60,6,,164,238,
64,19,61,7,,,528,
3,19,62,8,,,308,
2,19,63,1,,,,
24,19,64,2,,192,166,
48,19,65,3,,194,250,
53,19,66,4,,,232,
63,19,67,5,,180,300,
40,19,68,6,,156,212,
18,19,69,7,,,,
4,19,70,8,,,,
52,19,71,1,,256,200,
66,19,72,2,,180,,
12,19,73,3,,,,
21,19,74,4,,320,,
44,19,75,5,,,228,
41,19,76,6,,144,,
55,19,77,7,187,202,,
51,19,79,1,,246,,
1,19,80,2,,178,,
72,20,1,4,,196,289,
28,20,2,5,,232,315,
70,20,4,7,,,225,261
11,20,5,8,,,238,
56,20,6,1,,105,174,
29,20,7,2,,350,178,
65,20,8,3,,,,
69,20,9,4,,252,225,
62,20,10,5,,180,,
15,20,11,6,,155,323,
35,20,12,7,,,138,
55,20,13,8,,,181,
67,20,14,1,,,283,
37,20,15,2,182,160,,
61,20,16,3,,240,163,
5,20,17,4,,,,
43,20,18,5,,141,327,
53,20,19,6,,,154,
59,20,20,7,,215,122,279
24,20,22,1,,223,230,
48,20,23,2,,257,187,
3,20,24,3,,254,,
38,20,25,4,158,,,
19,20,26,5,172,198,,
20,20,27,6,,195,201,
33,20,28,7,158,,163,
50,20,29,8,,448,283,
16,20,30,1,,177,225,
17,20,31,2,,207,,
49,20,32,3,,213,122,
21,20,33,4,,270,352,
8,20,34,5,,,,
22,20,35,6,,,,
27,20,36,7,,257,167,
46,20,37,8,,197,232,
36,20,38,1,,295,149,226
68,20,39,2,,360,155,177
1,20,40,3,,208,167,
7,20,41,4,,179,473,
39,20,42,5,,,613,
14,20,43,6,,247,,
45,20,44,7,,187,,
40,20,45,8,,328,163,
10,20,46,1,,,173,
25,20,47,2,,,352,
23,20,48,3,,154,184,
64,20,49,4,,151,313,
51,20,50,5,,164,135,
73,20,51,6,,197,,
66,20,52,7,,345,,
0,20,53,8,,,,287
12,20,54,1,,,186,
34,20,55,2,,,307,
58,20,56,3,,160,,220
18,20,58,5,,,,
44,20,59,6,,182,250,
54,20,60,7,,179,,
71,20,62,1,,,190,
31,20,63,2,,180,183,
4,20,64,3,,257,120,
42,20,66,5,,169,461,
63,20,67,6,,163,,
32,20,68,7,,222,,
26,20,69,8,,,381,
74,20,70,1,,,206,
30,20,71,2,,146,,
2,20,72,3,,197,238,
47,20,73,4,,222,,233
13,20,74,5,,153,169,
52,20,75,6,,163,,
9,20,76,7,,,142,
41,20,77,8,197,,,
57,20,78,1,,130,,
60,20,79,2,,154,221,
6,20,80,3,,200,160,
5,21,1,5,,,238,
51,21,2,6,,,218,
32,21,3,7,228,163,,
17,21,4,8,,185,293,
73,21,5,1,,160,,
21,21,6,2,,267,176,
20,21,7,3,,175,,
25,21,8,4,,230,337,
6,21,9,5,,,278,
54,21,10,6,,217,,
36,21,11,7,,154,,
28,21,12,8,,,347,
8,21,13,1,,,215,
71,21,14,2,,164,,
15,21,15,3,155,262,,
26,21,16,4,,,224,
24,21,18,6,,281,183,
7,21,19,7,,198,,
61,21,20,8,,200,237,
3,21,21,1,,203,,
44,21,22,2,,261,271,
0,21,23,3,,239,212,
33,21,24,4,,261,237,276
39,21,25,5,,,,
72,21,26,6,,,,140
30,21,27,7,,,210,163
29,21,29,1,,183,210,
2,21,30,2,,168,,
49,21,31,3,,211,233,
69,21,32,4,,199,242,
19,21,33,5,,,257,172
11,21,35,7,,170,231,
16,21,36,8,,195,,
40,21,37,1,,164,150,
41,21,38,2,,170,220,
50,21,39,3,,,389,
57,21,40,4,,173,,
43,21,41,5,,,350,
34,21,42,6,,,162,
55,21,43,7,,,233,
9,21,44,8,,241,323,
53,21,45,1,,196,,
66,21,46,2,,232,155,
10,21,47,3,,207,,
47,21,48,4,,201,350,233
1,21,49,5,,150,217,247
18,21,51,7,,271,,
13,21,52,8,,243,,
45,21,53,1,,218,,
31,21,54,2,,182,,
14,21,55,3,,176,,
4,21,56,4,,204,513,129
35,21,57,5,,,211,
37,21,58,6,,215,287,
38,21,60,8,,290,,
23,21,61,1,,,223,
52,21,62,2,,188,225,
68,21,63,3,,,204,331
22,21,64,4,,209,,
60,21,65,5,,203,,
48,21,66,6,,,186,
27,21,67,7,,,238,
59,21,68,8,,,331,236
62,21,69,1,148,181,225,162
65,21,70,2,,,,
64,21,71,3,,,244,206
67,21,72,4,144,199,,
63,21,73,5,,210,,
56,21,74,6,,186,,
42,21,75,7,,,176,
46,21,76,8,,227,176,
70,21,78,2,,,272,172
12,21,79,3,,167,,
58,21,80,4,,290,204,
57,22,1,6,,139,,
27,22,2,7,,141,209,
6,22,4,1,,208,,
1,22,5,2,,,275,
59,22,6,3,,202,311,
8,22,7,4,,,166,
34,22,9,6,,149,131,
3,22,10,7,,,,
52,22,14,3,,,311,
25,22,15,4,280,,,
23,22,16,5,,164,153,
43,22,17,6,,177,156,
51,22,18,7,,,317,
10,22,19,8,,288,,
11,22,20,1,,,198,
61,22,21,2,,,182,
35,22,22,3,,184,192,
7,22,23,4,,148,189,
14,22,24,5,,,144,
58,22,25,6,,207,278,
44,22,26,7,,182,314,
67,22,27,8,,196,437,
40,22,28,1,,127,212,
17,22,30,3,,202,,
55,22,31,4,,,,
38,22,32,5,,219,310,
62,22,33,6,,183,127,
37,22,34,7,,,216,
28,22,35,8,,240,,
2,22,36,1,,,,
26,22,37,2,,131,,
4,22,38,3,,238,187,
45,22,39,4,,143,126,
36,22,40,5,,,,
54,22,41,6,,112,143,
24,22,43,8,,,136,
29,22,44,1,,139,,
60,22,45,2,,,,
48,22,46,3,,173,257,
63,22,47,4,,,,
65,22,48,5,,154,215,
19,22,49,6,,128,,
12,22,50,7,,,238,
41,22,51,8,,,,
49,22,52,1,,,,
64,22,53,2,,121,,
66,22,54,3,,205,248,
16,22,55,4,,,262,
5,22,56,5,,,,
9,22,57,6,,352,133,
39,22,58,7,,,,
33,22,60,1,,125,,
56,22,61,2,,245,,
18,22,62,3,,,228,
30,22,64,5,,155,221,
13,22,65,6,,138,174,
31,22,66,7,,157,242,
20,22,67,8,,194,,
0,22,68,1,,,267,
53,22,69,2,,,128,
32,22,70,3,,,217,
15,22,71,4,,130,162,
42,22,72,5,,145,260,
21,22,73,6,,,,
47,22,74,7,,196,170,
46,22,75,8,,,,488
50,22,76,1,,168,,
22,22,80,5,,214,166,
12,23,1,7,,,148,
48,23,2,8,,158,229,
36,23,3,1,150,166,245,
6,23,4,2,,161,203,
10,23,5,3,,153,165,
38,23,6,4,,,245,
47,23,7,5,,219,204,
41,23,8,6,,151,132,
14,23,9,7,,,,
49,23,10,8,,164,203,
13,23,11,1,,164,182,
57,23,12,2,,235,,
30,23,14,4,,279,284,
66,23,15,5,,,,
53,23,16,6,,166,,
64,23,17,7,,146,163,
18,23,18,8,,,,210
4,23,19,1,,,174,
42,23,20,2,,,,
40,23,22,4,,166,,
31,23,23,5,,167,273,
32,23,25,7,,266,350,
22,23,26,8,,137,182,
21,23,27,1,,139,133,
5,23,28,2,,156,301,
16,23,32,6,,,163,
29,23,33,7,,186,205,
51,23,34,8,,,353,
46,23,35,1,,217,289,
19,23,37,3,,176,150,
39,23,38,4,,222,185,
1,23,39,5,,200,155,
58,23,40,6,,,264,
44,23,41,7,,259,,221
11,23,42,8,,,264,
25,23,43,1,,,,
0,23,46,4,,197,156,
15,23,47,5,,181,264,
56,23,48,6,,,209,
45,23,49,7,,187,232,
43,23,50,8,,,229,
2,23,52,2,,168,155,
9,23,54,4,,247,205,
35,23,55,5,102,,,
60,23,56,6,,142,,
62,23,57,7,,,290,
20,23,58,8,,160,274,
50,23,59,1,,,,
24,23,60,2,,107,,
52,23,62,4,,464,243,
3,23,63,5,,164,,
23,23,64,6,,156,,210
33,23,65,7,,,,
27,23,66,8,,240,230,
59,23,67,1,,,,
63,23,69,3,,166,,
8,23,70,4,,,186,
28,23,71,5,,,219,
17,23,72,6,,286,175,
55,23,73,7,,161,158,
7,23,74,8,,186,212,
65,23,75,1,,,,
26,23,76,2,,212,,
37,23,77,3,148,,134,
34,23,78,4,,,272,
61,23,79,5,,,256,
54,23,80,6,,195,121,
46,24,1,8,,132,283,
11,24,4,3,,202,227,
33,24,5,4,,204,,
0,24,6,5,,,355,
3,24,7,6,,236,234,
32,24,8,7,,174,222,
58,24,9,8,,,,
27,24,10,1,,235,313,
15,24,12,3,,164,280,
23,24,14,5,,156,291,
41,24,16,7,,,,
2,24,17,8,,210,133,
22,24,18,1,,231,245,
43,24,19,2,,389,,
53,24,20,3,,211,,
44,24,21,4,,,159,
47,24,22,5,,137,216,
38,24,24,7,,,,
50,24,25,8,,,177,
19,24,26,1,,191,191,
6,24,28,3,,,611,
55,24,29,4,,,184,
8,24,32,7,,,,
37,24,33,8,,105,,
26,24,34,1,,383,310,
36,24,36,3,,220,265,
18,24,37,4,,,252,
40,24,39,6,,,,
28,24,40,7,,192,251,
39,24,41,8,,188,163,
51,24,43,2,,213,,
12,24,44,3,,141,211,
21,24,46,5,,197,215,
9,24,47,6,,130,320,
10,24,48,7,,162,,
52,24,49,8,,,188,
31,24,51,2,,240,,
1,24,52,3,,234,309,
5,24,53,4,123,,,
24,24,54,5,,226,,
7,24,55,6,,,,
20,24,56,7,,,170,
29,24,58,1,,261,,
14,24,59,2,,155,,
49,24,60,3,,213,197,
56,24,61,4,,191,1015,
34,24,62,5,,,205,
54,24,66,1,,178,634,
16,24,67,2,,311,,
57,24,70,5,,268,222,
30,24,71,6,,218,374,
25,24,72,7,,,239,
42,24,73,8,,242,669,188
48,24,75,2,,315,,
45,24,76,3,,192,,
35,24,77,4,93,,,
13,24,78,5,,,,
4,24,79,6,,,,
17,24,80,7,,,,
28,25,2,2,,246,148,
26,25,3,3,,238,211,
45,25,5,5,,,222,
17,25,6,6,,,,
33,25,7,7,,254,183,
1,25,10,2,,,221,
15,25,11,3,,156,246,
30,25,12,4,,,321,
4,25,13,5,,233,298,
3,25,15,7,195,204,150,
42,25,16,8,,,273,
36,25,17,1,,,241,
29,25,18,2,,241,,
0,25,20,4,,,,
32,25,22,6,,190,,
34,25,23,7,,213,,
23,25,25,1,,223,178,
20,25,26,2,,214,261,
46,25,27,3,,209,126,
8,25,28,4,,177,,
19,25,33,1,,,261,
2,25,34,2,,235,212,
18,25,35,3,,227,271,
38,25,37,5,,227,266,
37,25,39,7,,207,,
6,25,41,1,,240,,
40,25,42,2,,,498,
7,25,43,3,,257,141,
31,25,45,5,,194,,
44,25,47,7,,263,285,
41,25,48,8,,316,242,
9,25,49,1,,199,,
43,25,55,7,,350,,
14,25,57,1,,258,270,
12,25,60,4,,199,,
22,25,63,7,,245,286,
39,25,64,8,,194,340,
35,25,69,5,,235,540,
13,25,70,6,,,283,
11,25,71,7,,211,,
21,25,72,8,,,311,
25,25,73,1,,92,,
5,25,74,2,,,640,
27,25,75,3,,,,
24,25,76,4,,205,,
47,25,78,6,,,308,
16,25,79,7,,,277,
10,25,80,8,,157,226,
10,26,1,2,,216,144,
56,26,2,3,,258,,
50,26,3,4,,,364,
0,26,4,5,,330,406,
40,26,5,6,,162,,
1,26,6,7,,,,
45,26,7,8,,412,309,
52,26,8,1,,237,210,
38,26,9,2,,345,178,
54,26,10,3,,248,,
8,26,11,4,,,329,
67,26,12,5,,176,271,
63,26,13,6,,,280,
16,26,14,7,,302,275,
30,26,15,8,143,122,340,
26,26,16,1,,216,,
3,26,20,5,,224,354,
20,26,21,6,,306,298,
46,26,22,7,,323,325,
70,26,23,8,,,141,
59,26,24,1,,270,309,
65,26,25,2,,,,469
5,26,26,3,,,142,
18,26,27,4,368,,,
42,26,28,5,,265,,
7,26,29,6,,249,333,
41,26,30,7,,236,,
19,26,31,8,127,,320,
58,26,32,1,,250,215,
17,26,33,2,,,226,
2,26,35,4,,,195,
44,26,36,5,,417,281,
71,26,37,6,,203,155,
62,26,38,7,,,,
68,26,39,8,,293,,
21,26,40,1,,185,,
28,26,41,2,,290,,
53,26,42,3,,262,254,
33,26,43,4,,280,309,
61,26,44,5,,201,137,
57,26,45,6,,,,
22,26,46,7,,160,192,
66,26,48,1,,157,268,
32,26,49,2,,241,,
13,26,50,3,,279,,
49,26,52,5,,,,
35,26,54,7,,,,227
69,26,55,8,,,,
36,26,56,1,,,198,217
31,26,57,2,,167,144,
64,26,58,3,,228,259,
51,26,59,4,,249,163,
12,26,60,5,,,,
55,26,61,6,,,331,
34,26,63,8,,,181,
23,26,64,1,137,179,,
24,26,65,2,,259,420,
47,26,66,3,,230,399,
6,26,67,4,,225,,
29,26,68,5,,,,
4,26,69,6,150,,,
11,26,70,7,,251,,
60,26,71,8,,257,333,
27,26,72,1,,,,
43,26,73,2,,245,174,
39,26,74,3,,158,162,
48,26,75,4,,219,196,232
37,26,76,5,,165,,
9,26,77,6,,,,
25,26,78,7,,229,333,
15,26,79,8,143,249,,
14,26,80,1,,306,242,
36,27,2,4,,142,263,
60,27,3,5,,,288,
45,27,4,6,,,264,
24,27,5,7,,163,,
39,27,6,8,,,,
14,27,7,1,,,245,
58,27,8,2,,149,135,145
30,27,10,4,,,386,
34,27,12,6,,,,
12,27,13,7,,,,
21,27,14,8,,,,
41,27,15,1,,184,211,
8,27,16,2,,242,198,
38,27,17,3,,,,
5,27,18,4,,,192,
62,27,19,5,,213,305,
55,27,20,6,,271,202,
53,27,21,7,,205,213,
44,27,22,8,,221,,
2,27,23,1,,,277,
9,27,25,3,,204,211,
15,27,26,4,,,211,
29,27,27,5,,223,269,
25,27,29,7,,255,,
1,27,30,8,,209,,
17,27,31,1,,146,,
42,27,32,2,,,186,
57,27,33,3,,218,,
4,27,34,4,,,273,
6,27,35,5,,248,216,
67,27,36,6,,192,236,
16,27,37,7,,200,251,
22,27,38,8,,,182,
47,27,39,1,,240,,
0,27,40,2,,118,180,
52,27,42,4,,,,
11,27,43,5,,,,
19,27,44,6,,,213,
33,27,45,7,,362,258,
66,27,46,8,,199,209,
68,27,47,1,,198,329,
32,27,48,2,,129,,
26,27,49,3,,,195,
65,27,50,4,,,107,
70,27,51,5,,,150,
43,27,52,6,,,265,
61,27,53,7,,,,
31,27,54,8,,311,197,
48,27,55,1,,,,
18,27,56,2,,,,
20,27,57,3,,,113,
51,27,58,4,,188,,
13,27,59,5,,162,223,
49,27,60,6,,172,135,
63,27,61,7,,238,216,
10,27,63,1,,,,
64,27,65,3,,224,226,
40,27,66,4,,,156,
46,27,67,5,,,174,
59,27,68,6,,167,172,
23,27,69,7,,348,370,
37,27,70,8,,,290,
27,27,71,1,,,248,
50,27,72,2,,408,185,
7,27,73,3,,321,,
56,27,74,4,,309,,
3,27,75,5,,,187,
69,27,76,6,,137,,
54,27,77,7,,137,,
28,27,79,1,,,,
35,27,80,2,,144,171,
21,28,2,5,,,200,
26,28,4,7,,,312,
8,28,5,8,,185,,
19,28,6,1,,183,300,
38,28,7,2,,226,,
36,28,8,3,,200,224,
4,28,9,4,,171,,
45,28,10,5,,,157,
7,28,11,6,,143,131,
54,28,12,7,,,297,
2,28,13,8,,200,239,
43,28,14,1,,,169,
18,28,16,3,,200,151,
49,28,18,5,,275,261,
23,28,20,7,,166,257,
20,28,21,8,,209,159,
14,28,22,1,,245,212,
22,28,23,2,,179,,
46,28,24,3,,218,268,
6,28,26,5,,,,
29,28,28,7,173,,,
42,28,29,8,,217,205,
53,28,30,1,,,199,
13,28,32,3,,160,250,
33,28,34,5,,305,,
40,28,35,6,,164,225,
44,28,37,8,,219,,
52,28,38,1,,213,179,
0,28,39,2,,172,206,
32,28,40,3,,,257,
37,28,42,5,,154,,
50,28,43,6,,312,197,
1,28,44,7,,179,173,
9,28,46,1,,160,200,
5,28,47,2,,169,220,
39,28,48,3,,207,282,
51,28,50,5,165,293,,
17,28,52,7,,177,241,
30,28,54,1,,,245,
41,28,56,3,,,255,
24,28,57,4,,194,300,
15,28,60,7,,132,,
47,28,61,8,,171,269,
11,28,62,1,,,,
3,28,66,5,,187,152,
35,28,67,6,,197,,
27,28,68,7,,325,264,
31,28,72,3,,153,223,
25,28,73,4,,151,189,
16,28,74,5,,,290,
10,28,75,6,,,,145
34,28,76,7,,,317,
48,28,77,8,,325,290,
12,28,78,1,,223,232,
28,28,80,3,,,,
18,29,1,5,,200,304,
7,29,2,6,,,131,
56,29,3,7,,,172,
51,29,4,8,,,175,277
38,29,5,1,,178,150,
45,29,6,2,,195,338,
39,29,8,4,,178,272,
8,29,9,5,,351,209,
12,29,10,6,,,302,
59,29,11,7,,161,,
31,29,12,8,,186,256,
53,29,13,1,,204,254,
60,29,14,2,,208,349,
22,29,16,4,,,150,
4,29,18,6,,358,475,
29,29,19,7,,363,241,
44,29,20,8,,,371,
55,29,21,1,,222,271,
2,29,22,2,,172,,
15,29,23,3,,,134,
37,29,24,4,,,303,
57,29,25,5,,193,274,385
65,29,27,7,,231,,
50,29,28,8,,175,,
64,29,29,1,,298,,
3,29,30,2,,,143,
1,29,31,3,,,176,
28,29,33,5,,174,148,
27,29,34,6,,137,395,
40,29,35,7,,190,279,
63,29,36,8,,180,251,
21,29,37,1,,167,,
9,29,39,3,,,,
30,29,41,5,,216,291,
23,29,42,6,,209,358,
20,29,43,7,,207,243,
49,29,44,8,,,344,384
52,29,45,1,,,158,
43,29,46,2,,181,177,
58,29,48,4,,141,,
16,29,49,5,,361,220,
6,29,50,6,,,230,
66,29,51,7,,,,
19,29,52,8,,135,320,
41,29,54,2,,330,264,
54,29,55,3,,330,175,
42,29,56,4,,334,552,
34,29,57,5,,178,254,
48,29,58,6,,,232,
17,29,59,7,,169,,
13,29,61,1,,267,331,
0,29,62,2,,,155,362
62,29,65,5,,165,258,
10,29,66,6,,,267,
61,29,67,7,,,,
36,29,68,8,,178,132,
26,29,69,1,,180,,
46,29,70,2,,,,
5,29,71,3,,141,,
24,29,72,4,,,156,
11,29,74,6,,194,,
25,29,75,7,,,448,857
14,29,76,8,,162,,
32,29,77,1,,135,146,
35,29,78,2,,,179,
33,29,79,3,,170,,
47,29,80,4,,155,299,
36,30,1,6,,,,
24,30,3,8,,,161,
11,30,4,1,,321,,
13,30,7,4,,458,292,
38,30,9,6,,237,124,
35,30,10,7,,287,251,
3,30,11,8,,,,
31,30,13,2,,183,,
5,30,14,3,,,228,
15,30,18,7,,,,
30,30,20,1,,262,,
42,30,21,2,,253,275,199
1,30,22,3,,,357,
10,30,25,6,,247,170,
19,30,27,8,,191,323,
43,30,28,1,,,230,
34,30,29,2,,185,309,
22,30,30,3,192,271,267,
7,30,32,5,,216,166,
4,30,33,6,,,249,
23,30,35,8,,200,,
17,30,36,1,,183,175,
33,30,40,5,,275,283,225
26,30,41,6,,,255,
29,30,42,7,,,,
16,30,44,1,,365,,
2,30,45,2,,,210,
21,30,46,3,,,,
0,30,49,6,,,,
18,30,50,7,104,,157,
27,30,52,1,,250,514,
41,30,59,8,,153,,
25,30,60,1,,218,,
14,30,63,4,,192,162,
8,30,64,5,,,168,
6,30,66,7,,172,191,
9,30,69,2,,,,
37,30,70,3,,,,
39,30,72,5,,273,300,
44,30,74,7,,,300,
20,30,75,8,,,162,153
28,30,76,1,,,,
12,30,78,3,,,,
40,30,79,4,,146,153,
32,30,80,5,,182,230,
17,31,1,7,,,190,
19,31,2,8,,207,,
54,31,3,1,,183,,
3,31,4,2,,284,,
55,31,5,3,,,184,
72,31,6,4,,203,340,
65,31,7,5,,179,203,164
34,31,8,6,,,182,
42,31,9,7,,170,,
58,31,10,8,,171,233,
40,31,11,1,208,185,243,
0,31,12,2,,181,162,
60,31,13,3,,164,,
21,31,14,4,,,,
66,31,15,5,180,170,234,
53,31,16,6,,187,194,
47,31,17,7,,198,217,
69,31,18,8,,222,233,
5,31,19,1,,240,236,
10,31,20,2,,168,197,
36,31,21,3,,,,
6,31,22,4,,235,271,
74,31,23,5,,183,188,
16,31,24,6,,,246,
18,31,25,7,,167,,180
15,31,26,8,,,272,
62,31,27,1,,168,209,
25,31,28,2,207,242,,
43,31,29,3,,170,264,
52,31,30,4,150,198,218,
11,31,31,5,,240,,
70,31,32,6,182,,,
4,31,33,7,,138,,
20,31,35,1,,201,271,
9,31,36,2,,224,187,
67,31,37,3,142,184,223,193
1,31,38,4,,159,247,
61,31,39,5,,178,219,
12,31,40,6,,199,328,
37,31,41,7,,178,221,
73,31,42,8,,185,373,
63,31,43,1,,144,177,
41,31,44,2,,211,160,
30,31,45,3,,,258,
49,31,46,4,,134,193,
56,31,47,5,,211,148,
28,31,48,6,,152,,339
45,31,49,7,,164,205,
71,31,50,8,,193,,
39,31,51,1,,232,227,
14,31,52,2,,174,262,
44,31,53,3,,180,342,251
27,31,54,4,,215,203,
48,31,55,5,,232,,
51,31,56,6,,,147,179
24,31,57,7,,181,219,
38,31,59,1,,206,176,
23,31,60,2,,,179,
50,31,61,3,,200,273,
68,31,63,5,,175,264,
2,31,64,6,,191,,
7,31,65,7,,203,230,253
8,31,66,8,,203,299,
59,31,67,1,,180,144,
46,31,68,2,,169,221,
13,31,69,3,,172,,
32,31,71,5,,240,,
22,31,72,6,,193,213,
33,31,73,7,,233,191,256
64,31,74,8,,176,186,
35,31,75,1,,,176,161
57,31,76,2,,206,,
29,31,77,3,187,,190,
31,31,79,5,,120,,
26,31,80,6,,167,,
19,32,1,8,,205,247,
30,32,2,1,,177,179,
67,32,3,2,,,,
70,32,4,3,,171,196,
21,32,5,4,,,230,
44,32,6,5,,152,204,
28,32,7,6,,182,371,
0,32,8,7,,157,182,
2,32,9,8,,218,151,
43,32,10,1,,228,253,
27,32,11,2,,166,181,
13,32,12,3,,168,139,
36,32,13,4,,184,174,
45,32,14,5,,172,195,
14,32,15,6,,178,204,
60,32,16,7,,235,200,
57,32,17,8,,165,182,
8,32,18,1,,216,217,
33,32,19,2,,177,277,
54,32,21,4,,216,304,
58,32,22,5,,153,187,
55,32,23,6,,190,158,
32,32,24,7,,214,179,169
26,32,25,8,,241,334,
34,32,26,1,,241,198,
9,32,27,2,,255,352,
59,32,28,3,,156,521,
5,32,29,4,,,224,
38,32,32,7,,199,204,
7,32,33,8,,151,190,
71,32,34,1,,214,210,
63,32,35,2,,158,227,
10,32,36,3,,224,173,
56,32,37,4,,180,260,
47,32,38,5,,140,199,
42,32,39,6,,161,164,
51,32,40,7,,208,180,
15,32,41,8,,242,219,
37,32,42,1,,190,313,
66,32,43,2,,160,240,
12,32,44,3,,176,147,
69,32,45,4,,,128,
61,32,46,5,,185,,
50,32,47,6,,,219,
3,32,48,7,,203,193,
24,32,50,1,,182,170,
41,32,51,2,,235,,
40,32,52,3,,184,382,
35,32,53,4,,217,,
62,32,54,5,,,209,
17,32,55,6,,253,207,
65,32,56,7,,173,201,
53,32,57,8,,160,231,
68,32,58,1,,136,287,
52,32,59,2,,192,165,
11,32,60,3,,181,158,
22,32,62,5,,219,,
72,32,63,6,,,160,
46,32,64,7,,155,272,
1,32,65,8,,226,331,
29,32,66,1,,192,236,
64,32,67,2,,185,144,
25,32,68,3,,239,309,
18,32,71,6,,364,,
16,32,72,7,,185,200,
6,32,73,8,,,,
20,32,74,1,,178,,
49,32,75,2,,163,161,
39,32,76,3,,221,172,
31,32,77,4,149,177,162,
4,32,78,5,,208,235,
48,32,79,6,,173,246,
23,32,80,7,,215,184,
2,33,1,1,,182,,
10,33,2,2,,362,191,
15,33,3,3,,200,234,
26,33,4,4,,,356,
52,33,5,5,,249,337,
33,33,7,7,,,257,
1,33,8,8,,,240,
69,33,9,1,,176,,
73,33,10,2,,246,,
35,33,11,3,,,308,
18,33,12,4,,258,194,
41,33,13,5,,,,
70,33,14,6,,198,,
50,33,15,7,,209,201,
16,33,16,8,,196,,
66,33,17,1,,160,359,
20,33,18,2,,285,275,
11,33,19,3,,240,259,
44,33,20,4,,,211,
24,33,21,5,,,153,
65,33,22,6,,143,,
17,33,23,7,,,251,
55,33,24,8,,,275,
21,33,25,1,,229,302,
45,33,26,2,,225,,
51,33,27,3,,243,298,
56,33,28,4,,221,,
39,33,29,5,,277,272,
49,33,30,6,,217,146,
13,33,31,7,,206,297,
32,33,32,8,,188,,
38,33,33,1,,,,389
31,33,34,2,,,,
68,33,35,3,,200,216,
46,33,36,4,,,122,
25,33,37,5,101,,261,
27,33,38,6,,159,177,
9,33,39,7,,197,294,
57,33,40,8,,,,270
53,33,41,1,,,218,
22,33,42,2,,271,,
64,33,43,3,,436,210,
42,33,44,4,,216,,
62,33,45,5,,,,
61,33,46,6,,211,,
59,33,47,7,,220,,
14,33,48,8,,189,227,
12,33,49,1,,259,359,
4,33,50,2,,269,,
54,33,51,3,,,250,
28,33,52,4,,208,341,
75,33,53,5,245,,193,
8,33,54,6,,,267,
60,33,55,7,,212,,
77,33,56,8,,174,237,
19,33,57,1,,201,,
29,33,58,2,,,288,
3,33,59,3,,224,,
37,33,60,4,,180,234,
67,33,61,5,,,280,
58,33,62,6,,252,,219
76,33,63,7,,268,,
34,33,64,8,,,162,
71,33,65,1,,,,
0,33,66,2,,,189,
43,33,67,3,,222,,
47,33,68,4,,182,223,
48,33,69,5,,,,
72,33,70,6,,200,187,
36,33,71,7,,230,283,
63,33,72,8,,,,
78,33,73,1,,,205,
40,33,74,2,,212,204,
23,33,75,3,,228,180,
74,33,76,4,,193,,
6,33,77,5,113,217,,
7,33,78,6,,,329,
30,33,79,7,,279,286,
5,33,80,8,,,,
37,34,1,2,,195,,
4,34,2,3,,,,
44,34,3,4,361,,,
55,34,4,5,,215,278,
36,34,5,6,,,519,
64,34,6,7,,187,230,
60,34,7,8,,188,371,
56,34,8,1,,276,,
24,34,9,2,,162,185,
51,34,12,5,,332,,
29,34,13,6,,169,221,
8,34,14,7,,245,250,
34,34,15,8,166,152,181,
42,34,16,1,,260,,
57,34,17,2,,,261,
41,34,18,3,,294,,
21,34,19,4,,370,296,
35,34,20,5,,225,,
0,34,21,6,,308,,
49,34,22,7,,,,
30,34,23,8,,521,199,
67,34,24,1,,308,,
18,34,25,2,,266,319,298
3,34,26,3,,216,237,
52,34,27,4,,,,
32,34,28,5,,205,,
1,34,29,6,,260,383,
17,34,30,7,,254,161,
54,34,31,8,,,399,
2,34,32,1,,,396,
65,34,33,2,,,,
27,34,34,3,,364,532,
38,34,35,4,,231,,
6,34,36,5,,254,442,
45,34,37,6,,,265,
25,34,39,8,,201,,
39,34,40,1,,,243,
5,34,41,2,,304,173,
11,34,42,3,,,367,
14,34,43,4,,227,,
20,34,44,5,,207,219,
59,34,45,6,,247,358,
15,34,47,8,,252,387,
61,34,48,1,,246,,
19,34,49,2,,219,,
43,34,53,6,,312,,
23,34,54,7,,,,
50,34,55,8,,387,502,
7,34,56,1,,230,329,
22,34,57,2,,231,180,
16,34,58,3,,,,
63,34,59,4,,189,315,401
58,34,61,6,,,,
10,34,63,8,,293,,
13,34,64,1,,300,,
28,34,65,2,,,,
40,34,66,3,,376,306,
46,34,67,4,,208,173,
33,34,68,5,,284,232,
48,34,70,7,,331,,
53,34,72,1,,,314,214
47,34,73,2,,,,295
31,34,75,4,,,297,106
12,34,76,5,,272,,
62,34,77,6,162,,,
26,34,78,7,,270,,
66,34,79,8,,,206,
9,34,80,1,,,,
59,35,1,3,,270,265,
26,35,2,4,,157,,
22,35,4,6,,,323,
7,35,5,7,,,389,
25,35,7,1,,224,180,
28,35,8,2,,199,267,
45,35,9,3,,304,228,
51,35,10,4,,226,310,
1,35,12,6,,149,274,
21,35,13,7,,,178,
12,35,14,8,,155,259,
46,35,15,1,,,349,243
27,35,16,2,,134,,
5,35,17,3,,198,266,
36,35,18,4,,,394,
3,35,19,5,,228,201,347
52,35,20,6,,,327,
66,35,21,7,,,178,
47,35,22,8,,182,296,
41,35,24,2,,407,260,
63,35,25,3,,192,181,478
38,35,26,4,126,217,189,326
4,35,27,5,,,281,
30,35,28,6,,,,
15,35,29,7,,169,392,
35,35,30,8,,171,,
8,35,31,1,,221,261,
65,35,32,2,,180,267,
11,35,33,3,,,294,
43,35,35,5,,219,279,
50,35,37,7,,170,,
34,35,38,8,,,285,
13,35,39,1,,219,205,
20,35,40,2,,227,210,
56,35,41,3,,327,126,
37,35,42,4,,,172,
2,35,43,5,,317,,
61,35,45,7,,,395,
24,35,46,8,,224,228,
49,35,47,1,,209,171,
48,35,48,2,,,225,
67,35,49,3,,,160,
23,35,50,4,,227,,
0,35,51,5,,205,291,
57,35,53,7,147,172,,
31,35,54,8,,222,,
44,35,56,2,,350,183,166
14,35,57,3,,,,
42,35,58,4,,218,317,328
53,35,59,5,,154,,
33,35,60,6,,,235,
19,35,61,7,,,229,
6,35,62,8,,244,,
40,35,63,1,,,,
60,35,64,2,,,244,
58,35,65,3,,224,218,
62,35,66,4,,,,
54,35,67,5,,,,
10,35,68,6,,164,365,
55,35,69,7,139,,,197
64,35,70,8,,,,
68,35,71,1,,199,,
39,35,72,2,,261,,
32,35,73,3,,191,253,269
9,35,74,4,,203,,
17,35,75,5,,,196,
16,35,76,6,,178,347,
29,35,79,1,,140,,
18,35,80,2,,140,159,
57,36,1,4,,,159,
34,36,2,5,,131,216,
45,36,3,6,,,287,
32,36,4,7,,,252,
50,36,5,8,,162,,
46,36,6,1,,213,,
59,36,7,2,,,,
13,36,8,3,,,268,
9,36,9,4,,,177,
68,36,11,6,,189,215,
1,36,12,7,,130,271,
43,36,13,8,,125,227,
36,36,14,1,,,223,
62,36,15,2,,,213,
21,36,16,3,,172,207,
58,36,18,5,,192,189,
15,36,19,6,,,246,
20,36,20,7,,198,165,
56,36,21,8,,255,251,
63,36,22,1,,,187,
48,36,24,3,,184,174,
0,36,25,4,,167,218,
31,36,26,5,,,143,
10,36,27,6,,,246,
25,36,28,7,,,227,
23,36,30,1,,177,,
44,36,32,3,,,500,
64,36,34,5,,,219,
28,36,35,6,,148,265,
27,36,36,7,,203,211,
6,36,37,8,,197,283,
24,36,38,1,,164,244,
33,36,39,2,,182,180,
12,36,41,4,,305,,
14,36,42,5,,165,191,
61,36,43,6,,232,,
67,36,44,7,,141,162,
40,36,45,8,,,253,
22,36,46,1,,119,242,
47,36,47,2,,135,288,
17,36,48,3,,140,257,240
53,36,49,4,,126,,
4,36,50,5,,,,
16,36,51,6,,,232,
19,36,52,7,,200,299,
26,36,53,8,,198,242,
5,36,54,1,,,246,
60,36,55,2,,,193,
39,36,57,4,,174,219,
54,36,58,5,,186,236,
3,36,59,6,,217,307,
51,36,60,7,,,157,
55,36,61,8,,198,,
66,36,62,1,,,226,
35,36,63,2,,,,
65,36,64,3,,,175,
41,36,65,4,,270,,
49,36,66,5,,190,209,
7,36,67,6,,166,187,
8,36,68,7,,174,,
18,36,69,8,,167,209,
52,36,70,1,,127,218,
42,36,72,3,,,231,
30,36,74,5,,160,227,
37,36,75,6,,207,,171
29,36,76,7,,,193,
11,36,77,8,,,228,
38,36,78,1,,,211,
2,36,80,3,,297,231,
31,37,2,6,,156,,
33,37,4,8,,,,
30,37,6,2,,222,270,
5,37,10,6,,163,339,
18,37,11,7,,311,,
0,37,13,1,,338,,
28,37,15,3,,190,292,
34,37,18,6,,,179,
7,37,21,1,,,316,
37,37,22,2,,183,242,
29,37,23,3,,292,,
3,37,25,5,,215,,
36,37,26,6,,,,
35,37,27,7,,,239,
13,37,30,2,,257,182,
10,37,31,3,,,266,
22,37,32,4,,229,328,
12,37,33,5,,161,213,
39,37,35,7,,,259,
17,37,37,1,,198,217,
40,37,39,3,,,190,
2,37,40,4,,,277,
24,37,45,1,,400,304,
6,37,47,3,,,,
21,37,54,2,,307,372,435
25,37,56,4,,241,,
11,37,59,7,,201,243,
9,37,61,1,,,262,
16,37,62,2,,307,,
23,37,63,3,,249,239,
26,37,64,4,,228,276,
38,37,65,5,,242,243,
20,37,66,6,,306,275,
19,37,67,7,,190,204,
8,37,71,3,,,287,
14,37,73,5,,320,319,
4,37,74,6,,232,364,
15,37,77,1,,539,264,
32,37,78,2,,425,229,
27,37,79,3,,,246,
1,37,80,4,,209,317,
3,38,1,6,,226,222,
52,38,2,7,,214,,
59,38,3,8,,140,269,
9,38,4,1,,367,326,
55,38,5,2,,189,214,
20,38,6,3,,,203,
32,38,7,4,,,315,
12,38,8,5,,,238,
6,38,9,6,,,,
26,38,10,7,,215,,
16,38,12,1,,268,,
61,38,13,2,,,114,
58,38,14,3,,,,
40,38,15,4,,267,,
18,38,16,5,,263,201,
50,38,18,7,,,312,
64,38,19,8,,,317,
54,38,20,1,,225,178,
38,38,22,3,,211,330,
14,38,23,4,,203,184,
46,38,25,6,,123,,
7,38,26,7,,256,245,
10,38,29,2,,177,218,
47,38,30,3,,134,239,
5,38,31,4,,168,,
24,38,32,5,,,,
57,38,33,6,,155,246,
28,38,34,7,,,,
11,38,36,1,,246,280,
56,38,37,2,,229,,
33,38,38,3,,111,233,
15,38,40,5,,154,270,
25,38,41,6,,345,202,
29,38,42,7,,224,,
4,38,43,8,,,,
1,38,44,1,,295,228,
60,38,45,2,,237,197,
42,38,46,3,,187,212,
17,38,47,4,,230,209,
0,38,48,5,,225,,
36,38,49,6,,214,240,
30,38,50,7,,,431,
34,38,51,8,,152,243,
49,38,52,1,,,333,
23,38,54,3,,239,260,
45,38,56,5,,,170,
53,38,57,6,,,219,
51,38,60,1,,200,,
21,38,63,4,,223,362,
48,38,64,5,,,215,
2,38,65,6,,234,206,
63,38,66,7,,,318,220
62,38,67,8,,225,,
13,38,68,1,,,314,
41,38,69,2,,,,
37,38,70,3,,,,
22,38,71,4,,,277,
39,38,73,6,,,,
35,38,74,7,,401,282,
19,38,75,8,,210,,93
44,38,76,1,,,243,
27,38,77,2,228,133,,
31,38,78,3,,224,,
8,38,79,4,,195,211,
43,38,80,5,,203,240,
49,39,1,7,,425,247,
65,39,2,8,,243,317,
6,39,3,1,,181,,
44,39,4,2,,,443,
27,39,5,3,,165,,
20,39,6,4,,268,,
68,39,7,5,,154,211,
37,39,8,6,,132,178,
46,39,9,7,,,318,
12,39,10,8,,,207,
43,39,11,1,,313,175,
72,39,12,2,,211,,
75,39,13,3,,631,354,
2,39,14,4,,,470,
3,39,15,5,,334,856,
11,39,16,6,,258,557,
66,39,18,8,,383,300,
50,39,19,1,,313,,
67,39,20,2,,311,,
47,39,21,3,,233,148,
4,39,22,4,,241,,
59,39,23,5,,,154,
17,39,25,7,,,,
55,39,26,8,,138,437,
29,39,27,1,,214,302,
39,39,28,2,,,,
40,39,29,3,,367,,
73,39,30,4,,277,648,
70,39,31,5,,356,245,
24,39,32,6,,,307,
5,39,33,7,,207,295,
60,39,34,8,,,,
69,39,35,1,,,154,
52,39,36,2,,615,172,
38,39,37,3,,228,438,
62,39,38,4,,180,265,
19,39,39,5,,218,289,
7,39,40,6,,226,147,
63,39,41,7,,250,420,
57,39,42,8,,157,137,
30,39,43,1,,232,225,
41,39,44,2,,226,590,
0,39,45,3,,,329,
14,39,46,4,,213,,
48,39,48,6,,125,257,
8,39,49,7,,,,
56,39,50,8,,460,,
45,39,51,1,,338,469,
74,39,52,2,,190,347,
18,39,53,3,,389,410,
23,39,54,4,,,390,
32,39,55,5,,212,296,
53,39,56,6,,,,
71,39,57,7,,138,,
33,39,59,1,,210,365,
9,39,60,2,,358,340,
64,39,61,3,,222,303,
10,39,62,4,,322,1551,
21,39,63,5,,390,322,
34,39,64,6,,235,,
25,39,65,7,,253,248,
22,39,66,8,,194,507,
13,39,67,1,,156,164,
1,39,68,2,,314,389,
28,39,69,3,,213,406,
15,39,70,4,,,164,
58,39,71,5,,156,185,
36,39,72,6,,143,491,
26,39,73,7,,136,,
16,39,74,8,,228,,
54,39,75,1,,162,163,
61,39,76,2,,203,441,
31,39,77,3,239,180,299,
35,39,78,4,,280,,
51,39,79,5,,294,294,
42,39,80,6,,198,221,
4,40,2,1,,,,
14,40,4,3,,271,,
20,40,10,1,,210,,
17,40,14,5,,,,
2,40,20,3,,227,280,
16,40,24,7,,,342,286
13,40,26,1,,,,369
8,40,30,5,,317,245,
0,40,34,1,,266,,
6,40,38,5,,203,,
10,40,42,1,,187,160,
21,40,48,7,,207,,
12,40,54,5,,233,,371
19,40,56,7,,403,282,
15,40,59,2,,,,
11,40,60,3,,169,,
5,40,62,5,,,313,
9,40,67,2,,284,,
7,40,71,6,,463,253,
18,40,75,2,,,341,168
1,40,79,6,,,274,
3,40,80,7,,216,,
19,41,2,2,,,166,
24,41,3,3,,194,,
68,41,4,4,,201,155,
45,41,5,5,,145,185,
2,41,6,6,,220,248,
39,41,7,7,,293,292,
38,41,8,8,,131,236,
16,41,9,1,,152,150,
28,41,10,2,,142,292,
12,41,12,4,,173,155,
44,41,13,5,250,,,
47,41,14,6,,231,305,
62,41,15,7,165,,224,
20,41,16,8,,190,220,
52,41,17,1,242,216,305,
9,41,19,3,,224,232,
59,41,20,4,,,229,
0,41,21,5,,190,398,
51,41,22,6,,124,364,
64,41,23,7,,,,
34,41,24,8,,271,,
69,41,25,1,,203,193,
37,41,26,2,,209,,
53,41,27,3,,237,347,
27,41,28,4,,285,755,
3,41,30,6,,184,,
17,41,31,7,,,296,
7,41,32,8,,326,,
10,41,33,1,,,171,209
70,41,34,2,,221,,
57,41,35,3,,243,253,
35,41,36,4,,156,145,
54,41,37,5,,,213,
18,41,38,6,,252,376,
42,41,40,8,,229,355,
40,41,41,1,,169,,
22,41,42,2,,,167,
32,41,43,3,,190,156,
67,41,44,4,,,305,
41,41,45,5,,449,162,
30,41,46,6,,139,199,
55,41,48,8,,148,186,
43,41,49,1,,,231,
15,41,50,2,,241,173,
11,41,51,3,,322,,
65,41,53,5,266,,307,
66,41,54,6,,217,,440
14,41,55,7,,253,281,
13,41,56,8,,325,289,
5,41,57,1,,196,296,
33,41,58,2,,256,237,
6,41,59,3,,163,260,
31,41,60,4,,153,164,
25,41,61,5,,239,,
21,41,63,7,,225,291,
49,41,64,8,,288,124,
60,41,65,1,,,223,
48,41,66,2,,268,173,
26,41,67,3,,432,362,
29,41,68,4,,158,265,
36,41,69,5,181,175,249,
8,41,71,7,,256,,
1,41,72,8,,291,,
63,41,73,1,,221,238,
61,41,74,2,,152,257,
56,41,75,3,,162,279,150
58,41,76,4,,,,
46,41,77,5,272,,183,
23,41,78,6,,,,
4,41,79,7,,174,213,
50,41,80,8,,166,246,
48,42,1,2,,190,228,
69,42,2,3,,171,227,
37,42,3,4,,208,,
45,42,4,5,,233,,
0,42,5,6,,,,
26,42,6,7,,298,,
68,42,8,1,,,267,
44,42,9,2,,188,206,
66,42,10,3,,236,301,
4,42,11,4,165,,275,
40,42,12,5,,224,,
5,42,13,6,,,247,
22,42,14,7,,242,254,
3,42,15,8,360,212,238,
39,42,16,1,,208,257,
61,42,17,2,,229,207,
32,42,18,3,,274,,
1,42,19,4,,317,449,
2,42,20,5,,257,241,
52,42,21,6,,298,,
18,42,22,7,,,252,
46,42,23,8,,,198,
28,42,24,1,,,230,
50,42,25,2,,,146,
23,42,26,3,,180,,
70,42,27,4,,,213,
14,42,28,5,,,,
62,42,29,6,,190,231,
24,42,30,7,143,179,225,
55,42,32,1,,214,,
51,42,33,2,,197,246,339
17,42,34,3,,227,438,
11,42,35,4,,148,,
47,42,36,5,,214,,
19,42,37,6,,212,,
54,42,38,7,,,205,
49,42,39,8,,,,
43,42,40,1,,,309,239
12,42,41,2,,,,
15,42,42,3,,256,,
56,42,43,4,,,189,
58,42,44,5,,,216,
8,42,45,6,,,235,
16,42,46,7,,190,282,
31,42,47,8,,,238,
42,42,48,1,,188,259,
60,42,49,2,,245,,
77,42,50,3,,215,,
57,42,51,4,,247,,
65,42,52,5,,,207,
59,42,53,6,,,180,
10,42,54,7,,272,,271
64,42,55,8,,292,267,
30,42,56,1,,194,265,155
36,42,57,2,,314,,
13,42,58,3,,357,230,
41,42,59,4,,247,185,
21,42,60,5,,270,241,
27,42,61,6,,237,,
9,42,62,7,,307,,
29,42,63,8,,248,244,
34,42,64,1,172,197,182,
71,42,65,2,,,215,
25,42,66,3,,,210,
38,42,67,4,,,186,
63,42,68,5,,,186,
74,42,69,6,,,191,
20,42,70,7,,237,288,
73,42,71,8,,175,,
35,42,72,1,,201,244,
33,42,73,2,,,210,
67,42,74,3,,199,262,
76,42,75,4,,222,,233
72,42,76,5,,,210,
75,42,77,6,279,154,167,
6,42,78,7,,,,
53,42,79,8,,187,167,
7,42,80,1,,240,273,
9,43,1,3,,243,157,
3,43,2,4,,223,159,
12,43,3,5,,203,206,
10,43,4,6,,,185,201
52,43,5,7,,,365,
38,43,6,8,,,,
23,43,7,1,,,421,226
73,43,8,2,,,169,
78,43,9,3,,258,259,
26,43,10,4,,186,184,
21,43,11,5,,208,,
47,43,12,6,,182,,214
61,43,13,7,,246,88,
22,43,14,8,,209,267,
71,43,15,1,,,260,
36,43,16,2,,,,
32,43,17,3,,293,352,
72,43,18,4,,335,247,
76,43,19,5,,243,311,
4,43,20,6,,,172,
25,43,21,7,,200,414,252
62,43,22,8,,276,537,
69,43,23,1,,174,166,
63,43,24,2,,265,432,
70,43,25,3,,206,192,260
6,43,27,5,,219,214,
19,43,28,6,,153,,
56,43,29,7,,212,219,
29,43,30,8,,,179,
44,43,31,1,,168,206,
57,43,32,2,,428,525,
64,43,33,3,,250,,230
74,43,34,4,,516,393,
77,43,35,5,,305,,
11,43,36,6,,204,166,
30,43,37,7,,170,,
54,43,38,8,,159,,
5,43,39,1,,170,183,
50,43,40,2,,185,336,291
49,43,41,3,,209,,
18,43,42,4,,,352,
66,43,43,5,,203,,
42,43,44,6,,261,,
51,43,45,7,,139,255,229
37,43,46,8,,214,347,
67,43,47,1,,,749,
27,43,48,2,,,244,655
48,43,49,3,,,216,
60,43,50,4,,,336,
0,43,51,5,,234,206,
35,43,52,6,166,,,
17,43,53,7,,163,,
43,43,54,8,,368,288,
41,43,55,1,,257,,
75,43,56,2,,234,327,257
59,43,57,3,,168,224,
15,43,58,4,,,,189
14,43,59,5,,180,,
46,43,60,6,,,,
68,43,61,7,,197,498,
8,43,62,8,,274,,
1,43,63,1,,196,188,
45,43,64,2,214,172,161,
33,43,65,3,,,213,
65,43,66,4,,241,305,
40,43,67,5,,,262,
55,43,68,6,,210,284,
2,43,69,7,,193,217,
7,43,70,8,,,167,
20,43,71,1,,144,,
39,43,72,2,,,227,
53,43,73,3,,268,290,
13,43,74,4,,185,430,
31,43,75,5,,110,137,206
58,43,76,6,,,,
34,43,77,7,211,200,158,
16,43,78,8,,206,341,
24,43,79,1,,281,197,
28,43,80,2,,174,,
27,44,1,4,,189,182,
65,44,4,7,,189,283,
14,44,5,8,,247,,
72,44,6,1,,208,,
22,44,7,2,,,273,
64,44,8,3,,246,,
70,44,9,4,,,311,
44,44,10,5,,,,
24,44,11,6,,,,
28,44,12,7,,224,245,
40,44,14,1,,239,369,
11,44,15,2,,,280,332
1,44,16,3,,273,251,
71,44,18,5,,318,203,
60,44,19,6,,194,,
34,44,20,7,,,164,
6,44,21,8,,193,337,
36,44,22,1,,275,,
42,44,23,2,,297,200,
55,44,24,3,,,310,
39,44,25,4,,,232,200
26,44,26,5,193,,153,
13,44,27,6,,,311,
9,44,28,7,,232,,
45,44,29,8,,,171,
15,44,30,1,149,235,434,
8,44,31,2,,246,,
49,44,32,3,,261,,
41,44,33,4,,,,182
31,44,34,5,,206,,
43,44,35,6,,,156,
19,44,36,7,,209,190,
51,44,37,8,187,,,
3,44,38,1,,164,228,
69,44,39,2,,,159,
38,44,40,3,,269,290,
59,44,41,4,,345,256,258
54,44,42,5,,,346,
37,44,43,6,,,214,
0,44,45,8,,417,185,
32,44,46,1,,209,170,
73,44,47,2,,165,,
63,44,48,3,,,,
33,44,49,4,,326,,
53,44,50,5,160,224,163,
56,44,51,6,,,289,
17,44,53,8,194,,187,
62,44,54,1,,,226,
52,44,55,2,,,,
2,44,56,3,,399,,
18,44,57,4,,284,,
25,44,58,5,,,211,
20,44,59,6,,,,
16,44,60,7,,155,,
58,44,61,8,,,,
61,44,62,1,,246,642,250
29,44,63,2,,393,,
23,44,64,3,,201,154,
46,44,65,4,,389,173,
48,44,66,5,,357,,
35,44,67,6,,,,
4,44,68,7,,193,526,
68,44,69,8,307,,335,
30,44,70,1,,174,207,
12,44,71,2,,215,365,
47,44,72,3,,,,
57,44,73,4,,,,
5,44,74,5,,260,,
21,44,75,6,,,,
10,44,76,7,,317,,
66,44,77,8,246,243,,
50,44,78,1,,,333,
7,44,79,2,82,,211,
67,44,80,3,,244,241,
72,45,1,5,,342,131,
40,45,2,6,,,176,
55,45,3,7,,186,237,
59,45,4,8,,197,,
26,45,5,1,,167,234,
19,45,6,2,,237,,
8,45,7,3,,,228,
1,45,8,4,,,158,
6,45,9,5,,255,205,
68,45,10,6,,180,236,
71,45,11,7,,123,162,
24,45,12,8,,,329,
34,45,13,1,,139,170,
20,45,14,2,,,141,
35,45,15,3,,148,312,
74,45,16,4,,,206,
36,45,17,5,,,234,
62,45,18,6,,181,,
33,45,19,7,,,254,
38,45,20,8,,153,,
13,45,21,1,,,,
39,45,22,2,,134,268,
70,45,23,3,,264,,
32,45,24,4,,175,,
31,45,25,5,,194,191,
0,45,26,6,,114,,
47,45,27,7,,187,198,
45,45,28,8,,,276,
43,45,29,1,,208,208,
69,45,30,2,,164,,
23,45,31,3,,174,242,
7,45,32,4,,,272,
17,45,33,5,,153,224,
5,45,34,6,,225,,
27,45,35,7,,192,309,
76,45,36,8,,178,278,
42,45,37,1,,234,283,
10,45,38,2,,150,235,
37,45,39,3,,161,246,
12,45,40,4,,192,,
73,45,41,5,,161,224,
67,45,42,6,,207,,
25,45,43,7,,169,143,
44,45,44,8,,234,,
51,45,45,1,,,160,
49,45,46,2,,160,258,
53,45,47,3,,163,381,
50,45,48,4,,,189,
28,45,49,5,,290,188,
41,45,50,6,,,133,
21,45,51,7,,287,293,
48,45,52,8,,240,,
64,45,53,1,176,204,,
54,45,54,2,,208,,
14,45,55,3,,178,185,
56,45,56,4,,273,,
46,45,57,5,,143,294,
60,45,58,6,,222,217,
61,45,59,7,,195,234,
29,45,60,8,,145,261,
52,45,61,1,,192,,
18,45,62,2,,471,365,
3,45,63,3,,172,,
77,45,64,4,,175,209,
79,45,65,5,,201,241,
78,45,66,6,,278,230,276
16,45,67,7,,236,205,
9,45,68,8,,158,305,
15,45,69,1,,161,155,
63,45,70,2,,275,210,
22,45,71,3,,195,282,
30,45,72,4,,154,252,
4,45,73,5,,206,342,
58,45,74,6,,,383,
11,45,75,7,,151,,313
57,45,76,8,,162,401,
2,45,77,1,,,150,
66,45,78,2,,,238,
65,45,79,3,,282,193,
75,45,80,4,,188,225,
23,46,1,6,,180,160,
50,46,2,7,,191,203,
12,46,3,8,,173,224,
26,46,4,1,,163,201,
61,46,5,2,,,182,
24,46,6,3,,274,,
6,46,7,4,,231,292,
64,46,8,5,,187,255,
27,46,9,6,,204,302,
30,46,10,7,,,270,
15,46,11,8,,183,173,
2,46,12,1,,231,247,
47,46,13,2,,171,178,
70,46,14,3,,190,264,
37,46,15,4,,,135,
75,46,16,5,,,225,
20,46,17,6,,173,184,
60,46,18,7,,219,,
14,46,19,8,,193,226,
46,46,20,1,,168,178,
49,46,21,2,,,171,
44,46,22,3,,274,220,
5,46,23,4,,209,,
40,46,24,5,,197,177,
13,46,25,6,,,,
38,46,26,7,,165,156,
74,46,27,8,,149,231,
43,46,28,1,,,223,
39,46,29,2,,203,,
16,46,30,3,,151,,
19,46,31,4,,169,240,
65,46,32,5,,199,250,
78,46,33,6,,255,,
67,46,34,7,,233,,
22,46,35,8,,159,206,
41,46,37,2,,161,186,
7,46,38,3,,,150,
0,46,39,4,,235,271,
25,46,40,5,,179,326,
55,46,41,6,,209,,
17,46,42,7,,238,293,
51,46,43,8,,,155,
21,46,44,1,,176,166,
58,46,45,2,,276,227,
31,46,46,3,,227,211,
3,46,47,4,,,176,
33,46,48,5,,168,236,
34,46,49,6,,194,205,
42,46,50,7,,142,,
18,46,51,8,,222,,
63,46,52,1,,,287,
36,46,53,2,,205,286,
48,46,54,3,,208,195,
45,46,55,4,,200,156,
29,46,56,5,,226,,
10,46,57,6,,194,169,
66,46,58,7,,203,,
76,46,59,8,,151,215,
11,46,60,1,,226,,
57,46,61,2,,,,
62,46,62,3,,237,,
54,46,63,4,,209,215,
56,46,64,5,,153,,
9,46,65,6,,216,,
53,46,66,7,,265,181,165
32,46,67,8,,181,,
8,46,68,1,,144,,
52,46,69,2,,143,,
72,46,70,3,,,160,
59,46,71,4,,154,243,
4,46,72,5,,,,
1,46,73,6,,277,,
71,46,74,7,,168,,
73,46,75,8,,224,202,122
35,46,76,1,,210,315,
68,46,77,2,133,180,143,
69,46,78,3,,250,357,
28,46,79,4,,,,
77,46,80,5,,206,207,
43,47,1,7,,243,,
30,47,4,2,,,167,177
17,47,5,3,,362,,
53,47,8,6,,239,,
38,47,9,7,,,238,
35,47,10,8,,253,291,
13,47,11,1,105,,110,
61,47,12,2,,,259,
1,47,13,3,,171,214,
28,47,14,4,,242,268,
12,47,15,5,105,,,
9,47,16,6,,206,204,
31,47,17,7,,363,312,
48,47,18,8,,207,,197
42,47,19,1,,317,322,
32,47,20,2,,259,208,
36,47,21,3,,432,,
15,47,22,4,,293,168,
46,47,23,5,,337,,
4,47,24,6,,367,,
52,47,25,7,196,212,,197
10,47,27,1,102,139,264,187
50,47,28,2,,,242,
22,47,29,3,,218,,
8,47,30,4,,163,403,
55,47,32,6,348,280,277,
57,47,33,7,,230,205,
49,47,35,1,,,313,215
56,47,36,2,,111,132,259
2,47,37,3,,,317,
34,47,38,4,,,,
14,47,39,5,,,295,
41,47,41,7,,220,,214
16,47,42,8,,109,224,
29,47,43,1,,,202,
11,47,44,2,,355,232,
33,47,45,3,,267,297,237
3,47,46,4,,153,273,
19,47,48,6,,,293,
51,47,49,7,,,258,
44,47,50,8,133,,213,
45,47,51,1,,176,,202
39,47,54,4,,454,,
25,47,55,5,,277,,
54,47,56,6,,269,,175
5,47,57,7,,208,214,
40,47,59,1,,,234,
20,47,60,2,,297,,
47,47,61,3,,242,,
6,47,64,6,,147,251,
7,47,65,7,,235,,
0,47,66,8,,,,
18,47,67,1,,220,264,
23,47,68,2,111,,,
21,47,69,3,,,,
26,47,70,4,,,,156
37,47,71,5,,284,,
58,47,72,6,,,,
24,47,76,2,,307,,
59,47,77,3,,,270,
27,47,79,5,,,610,
60,47,80,6,,,246,
65,48,1,8,,,128,
39,48,2,1,,,,199
38,48,3,2,,259,144,
48,48,4,3,,208,192,
31,48,5,4,,196,,
67,48,6,5,,132,,
30,48,7,6,,,,
6,48,8,7,,201,321,298
50,48,9,8,,142,,
23,48,10,1,,190,,
75,48,11,2,,,,
24,48,12,3,,226,,
1,48,13,4,229,172,,
3,48,14,5,,181,,
66,48,15,6,,145,,
7,48,16,7,,273,,
10,48,17,8,,289,358,
59,48,18,1,,,,210
53,48,19,2,,,264,195
26,48,20,3,,,,
49,48,21,4,,116,197,
34,48,22,5,,133,316,
27,48,23,6,,,,
60,48,24,7,,130,,
71,48,25,8,,,,
78,48,26,1,138,142,,217
15,48,27,2,,,,
37,48,28,3,,130,,
41,48,29,4,,161,,
18,48,30,5,,187,,
25,48,31,6,,148,,
13,48,32,7,,197,,
54,48,33,8,,,151,199
14,48,34,1,,127,,
79,48,35,2,,239,172,
9,48,36,3,,143,143,
0,48,37,4,,152,200,
40,48,38,5,,117,,238
20,48,39,6,,196,256,127
46,48,40,7,,200,,
45,48,41,8,,211,136,
51,48,42,1,,,222,
5,48,43,2,,,175,
57,48,44,3,,,,
70,48,45,4,,,,
8,48,46,5,,178,,
76,48,47,6,,,154,
17,48,48,7,,,152,
77,48,49,8,,181,170,
68,48,50,1,,124,,
29,48,51,2,,117,,
21,48,52,3,,226,,
12,48,53,4,,,,
61,48,54,5,,259,,
28,48,55,6,,,,
22,48,56,7,,183,168,264
35,48,57,8,,,,
11,48,58,1,,,395,
47,48,59,2,,195,,
32,48,60,3,,160,178,
74,48,61,4,,226,170,
19,48,62,5,,255,219,
62,48,63,6,,,,
44,48,64,7,,,,
72,48,65,8,,128,117,
64,48,66,1,,,202,
4,48,67,2,,,165,
2,48,68,3,,177,,
36,48,69,4,,116,,
55,48,70,5,,,,
43,48,71,6,,164,,
42,48,72,7,,187,,221
33,48,73,8,,,168,
73,48,74,1,,180,,
69,48,75,2,,,123,158
52,48,76,3,,179,,
56,48,77,4,173,121,,
63,48,78,5,,172,,
58,48,79,6,,175,162,
16,48,80,7,,,219,
27,49,1,1,,215,168,
18,49,2,2,,218,141,
68,49,3,3,144,243,236,
48,49,4,4,,174,279,
23,49,5,5,,196,797,
37,49,6,6,,213,,
5,49,7,7,,,368,
47,49,8,8,,202,,
64,49,9,1,,,349,176
30,49,10,2,,,,221
36,49,11,3,,195,235,
40,49,12,4,,165,156,
60,49,13,5,114,,,
9,49,14,6,,,221,
24,49,15,7,,164,231,
0,49,16,8,,187,215,
55,49,17,1,,,309,
46,49,18,2,,257,494,
29,49,19,3,,,160,
8,49,20,4,,154,137,
67,49,21,5,,,254,
63,49,22,6,,229,196,
38,49,23,7,,246,185,
3,49,24,8,,250,260,
45,49,25,1,,237,277,
11,49,26,2,,,205,
50,49,28,4,235,234,337,
12,49,29,5,,199,248,
52,49,30,6,,166,226,
39,49,31,7,,214,281,
62,49,32,8,,214,,
15,49,33,1,,158,137,
71,49,34,2,,,235,
28,49,35,3,,,277,
51,49,37,5,,227,252,
58,49,38,6,,,396,
59,49,39,7,,190,219,
49,49,40,8,,,,
34,49,41,1,,225,220,
70,49,42,2,,267,175,
56,49,43,3,,,328,
6,49,44,4,,162,200,
57,49,45,5,,195,268,
43,49,46,6,,215,211,
16,49,47,7,,293,221,
53,49,48,8,,261,,
69,49,49,1,,228,191,
19,49,50,2,,163,280,
13,49,51,3,,328,,
44,49,52,4,,270,,
21,49,53,5,,389,238,
74,49,54,6,,197,235,
7,49,55,7,,297,291,
61,49,56,8,,258,379,258
35,49,57,1,,,234,
54,49,58,2,,,158,
75,49,59,3,,150,,
26,49,60,4,,235,,
14,49,61,5,,,234,
1,49,62,6,,,205,
76,49,63,7,,,,
73,49,64,8,,241,,
41,49,65,1,,185,258,
42,49,66,2,,219,214,
10,49,68,4,,177,294,481
4,49,69,5,,158,250,
32,49,70,6,,208,,
22,49,71,7,,,217,
65,49,72,8,,131,208,
17,49,73,1,,257,248,
33,49,74,2,,169,240,
2,49,75,3,,254,158,
20,49,76,4,,228,,
25,49,77,5,148,153,,
31,49,78,6,,,205,
72,49,79,7,,303,,
66,49,80,8,,197,256,
26,50,1,2,,202,,
21,50,2,3,,168,207,
46,50,3,4,,164,184,
43,50,4,5,,202,144,
2,50,5,6,,140,,
74,50,6,7,,186,242,
9,50,7,8,,223,232,
54,50,8,1,,222,179,
68,50,9,2,,,166,
8,50,10,3,,174,195,
25,50,11,4,,152,142,
70,50,12,5,,190,131,
3,50,13,6,,230,,
31,50,14,7,,173,370,
53,50,16,1,,,138,
65,50,17,2,,209,210,
1,50,18,3,,,214,
49,50,19,4,,125,193,
60,50,20,5,,226,172,
17,50,21,6,,354,228,
24,50,22,7,,211,185,
35,50,23,8,,183,197,
40,50,24,1,,153,175,
12,50,25,2,,324,,
36,50,26,3,,159,279,
71,50,28,5,,128,216,
28,50,29,6,,202,209,
61,50,30,7,,181,125,
32,50,31,8,,259,,
62,50,32,1,,140,,
13,50,33,2,,156,187,
44,50,34,3,,170,171,
4,50,35,4,,145,257,
55,50,36,5,,,134,
69,50,37,6,,156,198,
76,50,38,7,,147,179,
37,50,39,8,,203,241,
14,50,40,1,,193,217,
39,50,41,2,,,195,
20,50,42,3,,136,392,
59,50,43,4,,367,155,
75,50,44,5,,,156,
33,50,46,7,,154,303,
29,50,47,8,,196,,
34,50,48,1,,243,152,
10,50,49,2,,172,188,
47,50,50,3,,137,146,
50,50,51,4,,165,343,
41,50,52,5,,128,164,
57,50,53,6,,,172,
19,50,54,7,,182,136,
58,50,55,8,,238,,
30,50,56,1,,176,169,
48,50,57,2,,152,170,
51,50,58,3,,123,158,
11,50,59,4,,233,219,
16,50,60,5,,152,163,
5,50,61,6,,,,
0,50,62,7,,,,
64,50,63,8,,,,
67,50,64,1,,,141,
66,50,65,2,,176,215,
52,50,66,3,,152,286,
45,50,67,4,,158,,
63,50,68,5,,,224,
56,50,69,6,,,111,
18,50,70,7,,,187,
27,50,71,8,,166,286,
23,50,72,1,,169,355,
73,50,73,2,,148,,
7,50,74,3,,217,,
38,50,75,4,,184,204,
72,50,76,5,,142,242,
22,50,77,6,291,132,282,
42,50,78,7,,,248,
6,50,79,8,,154,191,
15,50,80,1,,218,142,
69,51,1,3,,266,172,
59,51,3,5,,,235,
20,51,4,6,,256,,
41,51,5,7,,313,250,
9,51,6,8,,,,
42,51,7,1,,298,308,
31,51,8,2,,307,207,
62,51,9,3,,,170,
45,51,10,4,,,,
35,51,11,5,,246,,
27,51,12,6,,,225,
64,51,13,7,,293,,
32,51,14,8,,235,,
68,51,15,1,,170,366,
7,51,17,3,,346,,
74,51,19,5,,,,
56,51,20,6,,,168,
4,51,21,7,,308,,
10,51,22,8,,,264,
70,51,23,1,,,,
11,51,25,3,,254,,
53,51,26,4,,170,351,
8,51,27,5,,210,,
16,51,28,6,,181,,
67,51,29,7,,224,217,
65,51,30,8,,147,239,
2,51,31,1,,187,214,
66,51,32,2,,,287,
57,51,33,3,,166,,
18,51,34,4,,,223,
30,51,35,5,,217,312,
37,51,36,6,,223,194,
14,51,37,7,,319,,
72,51,38,8,,198,,
60,51,39,1,,175,199,
19,51,40,2,,159,283,
54,51,41,3,,217,,
61,51,42,4,,199,229,
48,51,43,5,,262,147,
46,51,44,6,,170,,
15,51,45,7,,,157,
49,51,46,8,,,,
24,51,47,1,,235,255,
0,51,48,2,,209,,
73,51,49,3,,,,
40,51,50,4,,,208,
1,51,51,5,,,168,
28,51,52,6,,170,299,
47,51,53,7,,309,,
58,51,54,8,,,174,
36,51,55,1,,254,430,
50,51,56,2,,,170,
43,51,57,3,,170,,
52,51,58,4,,,,
25,51,59,5,,290,164,
26,51,60,6,,158,173,
39,51,61,7,,,,
17,51,62,8,,215,,
38,51,63,1,,,304,
34,51,64,2,,,150,
21,51,65,3,,209,176,
44,51,66,4,,,,200
5,51,67,5,,266,,
3,51,68,6,,,153,
33,51,69,7,,155,167,
22,51,70,8,,,,
6,51,71,1,,152,,
13,51,72,2,,167,252,
55,51,73,3,,109,,
63,51,74,4,,170,210,
71,51,75,5,,,160,210
12,51,76,6,,198,,
29,51,78,8,,,,
23,51,79,1,,265,171,
51,51,80,2,,,213,
0,52,1,4,,197,167,
64,52,3,6,,189,,
52,52,4,7,,,,
28,52,6,1,,,344,
37,52,7,2,,204,,
22,52,8,3,,179,,301
14,52,9,4,,,266,
9,52,10,5,,,,
70,52,11,6,,183,,198
4,52,12,7,,162,216,
13,52,13,8,,228,239,
29,52,14,1,,179,244,
10,52,15,2,239,213,166,
32,52,16,3,,,178,
63,52,17,4,,213,169,
19,52,18,5,,,195,
30,52,19,6,,159,186,
68,52,20,7,,145,144,
56,52,22,1,,168,230,
2,52,23,2,,235,232,
53,52,24,3,,232,211,
60,52,25,4,,243,,
27,52,26,5,,,,193
59,52,27,6,,190,241,
55,52,28,7,,186,,
25,52,29,8,,173,222,
67,52,30,1,224,193,,190
48,52,31,2,,180,180,
65,52,32,3,,176,302,
45,52,33,4,,235,144,180
40,52,34,5,,199,,
66,52,35,6,,174,191,
16,52,36,7,,191,175,224
62,52,37,8,,,254,
7,52,38,1,,208,225,264
61,52,39,2,,213,162,
24,52,40,3,,172,,263
1,52,41,4,,220,,
17,52,42,5,,,161,
38,52,43,6,,163,,
36,52,44,7,,280,247,
58,52,45,8,,290,192,
49,52,46,1,,,179,
23,52,47,2,,,215,
51,52,48,3,,161,256,
20,52,49,4,,,200,
12,52,50,5,,178,269,
8,52,51,6,,206,,
47,52,52,7,,155,,
57,52,53,8,,274,222,
11,52,54,1,,208,328,211
26,52,55,2,,302,,
39,52,56,3,,,205,246
69,52,57,4,,141,110,231
54,52,58,5,,202,,177
34,52,59,6,,,243,
43,52,60,7,,185,232,
35,52,61,8,,208,,
21,52,64,3,,267,280,
42,52,66,5,,,,
33,52,67,6,,152,,
46,52,68,7,,,180,521
71,52,69,8,,,,200
50,52,70,1,,192,159,
31,52,71,2,,136,250,
44,52,72,3,,227,205,
5,52,73,4,,213,351,
41,52,74,5,,168,336,
18,52,76,7,,103,188,
3,52,78,1,,265,,
6,52,79,2,,,217,
15,52,80,3,,239,,
44,53,1,5,,228,96,
34,53,2,6,,308,227,
43,53,3,7,,217,285,
22,53,4,8,,335,372,
11,53,5,1,,183,320,
73,53,6,2,,296,266,
64,53,7,3,,310,222,
74,53,8,4,,,207,
41,53,9,5,,186,256,
60,53,10,6,,175,135,
56,53,11,7,,253,227,
23,53,12,8,,194,222,
26,53,13,1,,222,185,
51,53,14,2,,173,316,
5,53,15,3,,152,205,
61,53,16,4,,186,200,
31,53,17,5,,256,335,
49,53,18,6,,248,295,
63,53,19,7,,297,,
54,53,20,8,,193,248,
59,53,21,1,,184,218,
29,53,22,2,,207,256,
68,53,23,3,,201,286,
38,53,24,4,,233,272,
32,53,25,5,,185,218,
17,53,26,6,,,178,
76,53,27,7,,190,246,
42,53,28,8,,268,304,
69,53,29,1,,237,327,
50,53,30,2,,196,196,
55,53,31,3,,871,255,
37,53,32,4,,145,276,
71,53,33,5,,238,484,
36,53,34,6,,290,533,
47,53,35,7,,195,345,
25,53,36,8,,182,247,
0,53,37,1,,,189,
21,53,38,2,,157,172,
6,53,39,3,,204,246,
9,53,40,4,,166,497,
12,53,41,5,,270,269,
27,53,42,6,,,,
70,53,43,7,,205,312,
15,53,44,8,,206,243,
14,53,45,1,,250,247,
78,53,46,2,,139,142,
52,53,47,3,,228,,
13,53,48,4,,192,167,
39,53,49,5,,185,208,
77,53,50,6,,,217,198
28,53,51,7,,,223,
66,53,52,8,,217,234,
4,53,53,1,,272,173,
53,53,54,2,,253,304,
65,53,55,3,,,237,
57,53,56,4,,183,233,
46,53,57,5,,178,236,
45,53,58,6,,347,220,
58,53,59,7,,117,188,
67,53,60,8,,193,266,
20,53,62,2,,260,331,
8,53,63,3,,493,173,
48,53,64,4,,183,201,
1,53,65,5,,211,227,
35,53,66,6,,145,271,
18,53,67,7,,300,200,
62,53,68,8,,,239,
33,53,69,1,,208,166,
40,53,70,2,,163,188,
7,53,71,3,,,157,
30,53,72,4,,202,220,
72,53,73,5,,,255,
75,53,74,6,,135,177,
19,53,75,7,,285,168,342
24,53,76,8,,,,
2,53,77,1,,178,,
16,53,78,2,,249,228,
3,53,79,3,,221,303,
10,53,80,4,,162,262,
42,54,1,6,,146,,
15,54,2,7,,182,174,
62,54,3,8,,172,407,
11,54,4,1,,197,320,
0,54,5,2,,224,358,
53,54,6,3,,,261,
8,54,7,4,,242,160,
14,54,8,5,,160,226,
70,54,9,6,,,191,
22,54,10,7,,,177,
3,54,11,8,,180,144,
48,54,12,1,,213,192,
41,54,14,3,,302,,
2,54,15,4,136,277,,
54,54,16,5,,,,
66,54,17,6,,,,
7,54,19,8,,407,,
23,54,20,1,,292,248,
69,54,21,2,,248,,
32,54,22,3,,220,,
10,54,23,4,,,178,
12,54,24,5,,174,286,
24,54,25,6,,149,248,
47,54,27,8,,284,,
67,54,28,1,,,282,
25,54,29,2,,194,194,
57,54,30,3,,,,
1,54,31,4,,228,384,
60,54,32,5,,,199,
39,54,33,6,,394,,
58,54,34,7,,,,
33,54,35,8,,,,
37,54,36,1,,167,271,
30,54,37,2,191,157,234,
40,54,39,4,,255,133,
28,54,40,5,,194,232,
56,54,42,7,,168,166,
9,54,43,8,,210,189,
45,54,45,2,,155,,
71,54,46,3,,152,201,
43,54,47,4,,188,,
46,54,48,5,,273,256,
29,54,49,6,,,,
27,54,50,7,,133,248,
17,54,51,8,,260,313,
21,54,52,1,,184,,
13,54,53,2,,140,,
50,54,54,3,,286,,
59,54,55,4,,125,,
63,54,56,5,,193,218,
20,54,57,6,,,149,
52,54,58,7,,222,297,
55,54,59,8,,127,151,
44,54,60,1,,162,189,
4,54,61,2,,330,331,
51,54,62,3,,,,
49,54,63,4,,,,
35,54,64,5,,154,,
38,54,65,6,,263,303,
31,54,66,7,,193,,
61,54,67,8,,,,
72,54,68,1,,125,,
65,54,69,2,165,,141,
34,54,70,3,,517,519,
18,54,71,4,,158,360,
16,54,72,5,,,,
73,54,73,6,,199,,
36,54,74,7,,171,,
64,54,75,8,,204,151,
6,54,76,1,,161,,
26,54,77,2,,159,145,
68,54,78,3,,204,,
5,54,79,4,,225,235,
19,54,80,5,,140,179,
52,55,2,8,,257,,
62,55,3,1,,213,248,260
9,55,4,2,,97,214,290
2,55,5,3,,,244,
30,55,7,5,,188,,263
66,55,9,7,,,122,189
24,55,10,8,,,352,205
6,55,11,1,,147,253,
55,55,12,2,,281,143,
10,55,13,3,,231,284,
64,55,14,4,,168,254,
29,55,17,7,,,,111
3,55,18,8,,413,230,
60,55,20,2,,182,184,
14,55,21,3,,220,220,
42,55,22,4,,176,,
38,55,23,5,,260,406,
17,55,24,6,,,214,
43,55,25,7,,254,275,
31,55,26,8,,,,
45,55,27,1,,,,250
20,55,28,2,,230,337,
25,55,29,3,,212,255,
59,55,30,4,,225,,
46,55,31,5,,307,240,
39,55,32,6,,211,208,
28,55,33,7,,295,,
33,55,34,8,,300,264,210
34,55,35,1,,270,247,
47,55,36,2,,230,196,
26,55,38,4,,201,327,
18,55,39,5,,311,220,
37,55,40,6,,135,,
5,55,41,7,,,283,
41,55,42,8,,,,
21,55,43,1,,296,94,
56,55,44,2,,248,173,
36,55,45,3,,307,230,
32,55,46,4,111,,,
35,55,47,5,,231,165,
13,55,48,6,,188,,
53,55,49,7,,,,309
1,55,52,2,,405,252,
12,55,53,3,,,479,
49,55,54,4,,543,268,
54,55,55,5,,255,,
8,55,56,6,,253,,
63,55,57,7,,,228,
61,55,58,8,,211,255,
19,55,59,1,,,210,
16,55,60,2,,,,
4,55,61,3,,271,,
51,55,62,4,,,117,
15,55,63,5,,,226,
44,55,64,6,,,285,
40,55,66,8,,,310,
57,55,67,1,,,,419
22,55,68,2,,,144,
67,55,70,4,,302,173,214
50,55,72,6,,228,156,
7,55,73,7,,287,346,
65,55,74,8,,,427,
27,55,75,1,,243,284,
0,55,76,2,,,279,
23,55,77,3,,222,,
11,55,78,4,,199,274,
58,55,79,5,,293,240,279
48,55,80,6,,,305,
40,56,1,8,,156,,
71,56,2,1,,212,198,
28,56,3,2,213,224,188,
23,56,4,3,,214,195,
41,56,5,4,,,187,
11,56,6,5,,,,
18,56,7,6,,299,187,
44,56,8,7,,209,,
57,56,9,8,,163,,
32,56,10,1,,,231,
52,56,11,2,,247,146,
76,56,12,3,,160,197,
5,56,13,4,,204,352,
6,56,14,5,,164,203,
69,56,15,6,177,167,,156
39,56,16,7,,177,257,
43,56,17,8,,,683,
27,56,18,1,,209,227,
66,56,19,2,,144,,184
63,56,20,3,,217,,
48,56,21,4,,220,171,
64,56,22,5,,,,
38,56,23,6,,188,183,
36,56,24,7,,,280,
19,56,25,8,,207,155,235
50,56,26,1,,234,272,
37,56,27,2,,162,186,
29,56,28,3,,202,199,
30,56,29,4,,,172,
35,56,30,5,,169,,
58,56,31,6,,221,,207
56,56,32,7,,224,297,
59,56,33,8,,169,174,
72,56,34,1,,213,194,
10,56,35,2,,211,204,
62,56,36,3,,167,170,
14,56,37,4,,214,153,
45,56,38,5,,778,238,
68,56,39,6,,,173,
55,56,40,7,,,224,
33,56,41,8,,,251,
22,56,42,1,,,302,
75,56,43,2,,,220,
25,56,44,3,,181,212,
3,56,45,4,,180,200,
77,56,46,5,,,218,
9,56,47,6,,161,,
67,56,48,7,,257,171,
21,56,49,8,,160,180,
46,56,50,1,,240,300,
15,56,51,2,,,354,
12,56,52,3,,180,185,
61,56,53,4,164,241,261,
47,56,54,5,,273,235,
4,56,55,6,,234,180,
7,56,56,7,,215,215,202
54,56,57,8,,147,,
70,56,58,1,,,213,
0,56,59,2,,,175,
60,56,60,3,,224,171,
2,56,61,4,,,191,
13,56,62,5,,,176,
8,56,63,6,,210,257,
17,56,64,7,,,181,
16,56,65,8,,213,264,
49,56,66,1,,,252,
51,56,67,2,,,154,
20,56,68,3,,,235,
65,56,69,4,,223,,
26,56,70,5,,271,201,
24,56,72,7,,198,182,
42,56,73,8,,161,,
74,56,74,1,,,213,
34,56,75,2,,,160,142
31,56,76,3,,182,182,
53,56,77,4,132,175,225,
78,56,78,5,,200,211,
1,56,79,6,,,223,
73,56,80,7,,178,276,
23,57,1,1,,263,274,
6,57,2,2,,281,274,
31,57,3,3,,175,,
17,57,4,4,,,179,
49,57,5,5,,,,
19,57,7,7,,,235,
15,57,8,8,,162,159,
34,57,9,1,,452,,
39,57,10,2,,,280,
5,57,11,3,,255,,
29,57,13,5,,162,259,
18,57,15,7,,185,255,
26,57,16,8,,141,336,
42,57,17,1,,,,
67,57,18,2,,,171,
62,57,19,3,,317,245,
30,57,21,5,,269,221,
1,57,22,6,,160,296,
20,57,23,7,,234,,
16,57,24,8,,,,
57,57,25,1,,,281,
48,57,26,2,,147,,396
22,57,27,3,,,148,
61,57,29,5,,263,252,
7,57,30,6,,,173,
44,57,31,7,,163,259,
63,57,33,1,,,,
21,57,34,2,,174,,
52,57,35,3,,218,220,
24,57,36,4,,215,224,
9,57,37,5,,160,226,
68,57,38,6,,162,269,
27,57,39,7,,248,243,
0,57,40,8,,,279,
46,57,41,1,,391,232,
58,57,42,2,,,193,
12,57,43,3,,,275,
28,57,44,4,,165,,
33,57,45,5,,239,177,
41,57,47,7,,349,208,
14,57,48,8,,139,339,
3,57,49,1,,211,,
45,57,50,2,,,294,
40,57,51,3,,256,403,
66,57,52,4,,161,,
35,57,53,5,,,335,
56,57,54,6,,203,246,
10,57,55,7,,,278,
54,57,56,8,,191,,
69,57,57,1,,254,217,
2,57,59,3,,235,235,
36,57,60,4,,170,189,
55,57,61,5,,,246,
8,57,62,6,,247,,
50,57,63,7,,,244,
60,57,64,8,,214,300,
65,57,65,1,,271,226,
53,57,66,2,,604,,
64,57,67,3,,177,258,
32,57,68,4,,190,190,
4,57,69,5,,237,162,
43,57,71,7,,136,290,
11,57,72,8,,,,
38,57,73,1,,149,216,
13,57,74,2,,,254,
37,57,75,3,,142,224,
47,57,76,4,,185,,
25,57,77,5,,216,150,
51,57,79,7,,233,,
59,57,80,8,,236,234,
58,58,1,2,,221,146,
41,58,2,3,,171,252,
2,58,3,4,,225,377,
74,58,4,5,,,287,
22,58,5,6,,183,,
33,58,6,7,,,309,
48,58,7,8,,138,,
20,58,8,1,,,271,
19,58,9,2,,,244,
14,58,10,3,,,,
73,58,11,4,,,198,
47,58,12,5,,274,268,
60,58,14,7,,254,222,
71,58,15,8,324,208,,
38,58,17,2,,266,190,
45,58,18,3,,189,157,
27,58,19,4,,,,
10,58,20,5,,,,
16,58,21,6,,256,,
52,58,22,7,,147,234,
32,58,23,8,,,324,
34,58,24,1,,,269,
76,58,25,2,293,186,194,
44,58,26,3,159,164,,
69,58,27,4,175,,229,
36,58,28,5,,119,175,
1,58,29,6,,198,302,
40,58,30,7,,226,194,
17,58,31,8,,338,,
62,58,32,1,,181,356,
13,58,33,2,,173,181,
59,58,34,3,,208,366,
23,58,35,4,,241,275,
57,58,36,5,,205,139,
39,58,37,6,,107,,
7,58,38,7,,186,197,
51,58,39,8,,,306,
15,58,40,1,,200,211,
29,58,41,2,,358,387,396
53,58,42,3,,306,202,
30,58,43,4,,,165,
43,58,44,5,,193,246,
42,58,45,6,,,200,
24,58,46,7,,,232,
9,58,47,8,,,,
31,58,48,1,,216,211,
4,58,49,2,,149,480,
55,58,50,3,,,203,
65,58,51,4,,,163,
67,58,52,5,,210,,
37,58,53,6,,273,243,
28,58,54,7,,,241,
8,58,56,1,,99,,
66,58,57,2,,216,131,
54,58,58,3,,246,294,
3,58,59,4,,190,259,
61,58,60,5,,124,222,
26,58,61,6,,194,428,
0,58,62,7,,,275,
70,58,63,8,,315,,
5,58,64,1,,,205,
49,58,65,2,,117,301,
68,58,66,3,,,336,
18,58,67,4,,171,306,
25,58,68,5,141,186,290,
46,58,69,6,139,130,,
72,58,70,7,,144,160,
11,58,71,8,,,280,
50,58,72,1,,152,167,
63,58,73,2,,,,
12,58,74,3,,194,200,
35,58,75,4,,214,169,140
6,58,76,5,,285,339,
21,58,77,6,310,,,
56,58,78,7,,235,299,
64,58,79,8,,239,212,
75,58,80,1,,207,257,
38,59,1,3,,335,,
79,59,2,4,,308,156,
70,59,3,5,,302,273,
72,59,4,6,,258,285,
28,59,5,7,,181,179,
66,59,6,8,,,166,
58,59,7,1,,228,242,
61,59,8,2,,251,246,
3,59,9,3,,258,357,
64,59,10,4,,218,,
19,59,11,5,,368,245,
45,59,12,6,,319,182,
51,59,13,7,,193,251,
20,59,14,8,,173,362,
69,59,15,1,127,223,152,
24,59,16,2,,286,199,
39,59,17,3,,,216,
74,59,18,4,,,251,224
60,59,19,5,,413,234,
30,59,20,6,,279,,
73,59,21,7,,384,281,
52,59,22,8,,291,282,
11,59,23,1,,,137,
46,59,24,2,,,229,
15,59,25,3,,252,260,
0,59,26,4,,248,193,
43,59,27,5,,213,185,
12,59,28,6,,258,345,
5,59,29,7,,391,238,
32,59,30,8,,139,,
35,59,31,1,,223,338,
25,59,32,2,,222,,
36,59,33,3,,194,271,
49,59,34,4,,198,593,
4,59,35,5,,231,306,
17,59,36,6,,184,266,
18,59,37,7,,,293,
50,59,38,8,,162,,
44,59,39,1,,194,294,
78,59,40,2,,253,237,
37,59,41,3,,310,,
77,59,42,4,,233,,
57,59,43,5,,,338,
26,59,44,6,,303,182,
14,59,45,7,,216,414,
27,59,46,8,,,217,
54,59,47,1,,244,522,
2,59,48,2,,138,197,
1,59,49,3,,284,271,
47,59,50,4,,238,334,
21,59,51,5,,423,272,
8,59,52,6,,300,508,
53,59,53,7,,,283,
13,59,54,8,,228,,
59,59,55,1,,289,235,
40,59,56,2,,163,309,
10,59,57,3,,147,164,
71,59,58,4,,175,244,
31,59,59,5,,217,272,
55,59,60,6,,361,156,
34,59,61,7,,198,,
42,59,62,8,,309,233,
67,59,63,1,,,373,
7,59,64,2,192,201,175,
63,59,65,3,,195,456,
29,59,66,4,,238,332,
22,59,67,5,,240,183,
23,59,68,6,,,222,
6,59,69,7,,218,245,
76,59,70,8,,163,156,
56,59,71,1,,184,,
68,59,72,2,,208,231,
16,59,73,3,,182,286,
62,59,74,4,,185,179,
33,59,75,5,,,259,
75,59,76,6,,183,,
65,59,77,7,128,170,260,
9,59,78,8,,,338,
41,59,79,1,,185,177,
48,59,80,2,,178,260,
58,60,1,4,,,331,
11,60,2,5,,,124,
62,60,3,6,,221,277,
5,60,5,8,,,178,
20,60,7,2,,,,
45,60,8,3,,163,267,
72,60,9,4,,153,189,
40,60,10,5,,,,
42,60,11,6,,193,219,
22,60,12,7,,134,,
0,60,13,8,,267,,
36,60,14,1,,,,
56,60,15,2,,,133,
70,60,16,3,,,324,
10,60,17,4,,,278,
14,60,18,5,,142,442,
71,60,19,6,,287,226,
66,60,20,7,,,227,
54,60,21,8,,213,320,
37,60,22,1,,132,296,
18,60,24,3,,,112,
48,60,25,4,,289,,
35,60,26,5,,194,562,
67,60,27,6,,,308,
4,60,28,7,,,,
12,60,29,8,,,198,
33,60,30,1,,130,219,
28,60,31,2,,188,,
30,60,32,3,,,291,
53,60,33,4,,202,261,369
7,60,34,5,,308,,
2,60,35,6,,216,296,
24,60,36,7,,170,,
6,60,37,8,,225,,
3,60,38,1,,154,199,
68,60,39,2,,,150,
27,60,40,3,,,211,
55,60,42,5,,,,
34,60,43,6,,,247,
13,60,44,7,,,,
69,60,45,8,,,228,
21,60,46,1,,168,193,
47,60,47,2,,274,293,
51,60,48,3,,195,295,
15,60,49,4,,357,242,
8,60,50,5,,,308,
63,60,51,6,,,265,
19,60,52,7,,458,344,
9,60,53,8,,,194,
29,60,55,2,,216,170,
1,60,56,3,,,291,
17,60,57,4,,211,175,
64,60,58,5,,,249,
39,60,59,6,,277,,
52,60,60,7,,,,
25,60,61,8,,205,495,
44,60,62,1,,,189,
38,60,63,2,,733,,
60,60,64,3,,219,238,
59,60,65,4,,,247,
49,60,66,5,,,139,
41,60,67,6,,198,,
61,60,68,7,,,174,
65,60,69,8,,232,,
50,60,71,2,,,,
57,60,72,3,,,,
23,60,73,4,,303,,
31,60,74,5,,,,
46,60,75,6,,206,198,
43,60,76,7,,,315,
32,60,77,8,,,288,
16,60,79,2,,204,209,
26,60,80,3,,179,144,
19,61,1,5,,193,183,
15,61,2,6,,230,,
7,61,10,6,,,141,
23,61,12,8,,,229,
20,61,16,4,,196,194,
25,61,17,5,,174,158,
2,61,18,6,,,307,
12,61,19,7,,184,,
8,61,21,1,,244,347,
6,61,22,2,,,327,
26,61,23,3,,159,,
34,61,25,5,,231,306,
1,61,27,7,,397,226,
11,61,31,3,,244,281,
21,61,32,4,,187,,
14,61,33,5,,,,
18,61,35,7,,191,265,
4,61,38,2,,230,175,
17,61,40,4,,190,261,
32,61,41,5,,365,,
22,61,43,7,,196,181,
5,61,46,2,,166,248,
16,61,48,4,,186,263,
29,61,50,6,,,208,
33,61,56,4,,259,,
24,61,58,6,,177,211,
0,61,59,7,,214,310,
31,61,60,8,,213,234,
9,61,62,2,,391,234,
30,61,66,6,,196,242,
13,61,70,2,,,,
3,61,71,3,,217,423,
27,61,72,4,,221,,
10,61,79,3,,213,184,
28,61,80,4,,295,164,
5,62,2,7,,183,318,
70,62,3,8,,192,236,
40,62,4,1,,448,,
9,62,5,2,,200,235,
23,62,6,3,,,292,
41,62,7,4,,226,228,
18,62,8,5,,156,180,
45,62,9,6,,,184,
35,62,10,7,,244,321,
8,62,11,8,,,262,
32,62,12,1,,,227,
14,62,13,2,,202,168,
10,62,15,4,,,,
30,62,16,5,,,279,
4,62,17,6,,284,330,
72,62,18,7,,166,370,
58,62,19,8,,158,256,
28,62,20,1,,,295,
71,62,21,2,,171,266,
16,62,22,3,,181,316,
29,62,23,4,,706,231,
51,62,24,5,,248,290,
19,62,25,6,,213,271,
15,62,26,7,,166,,
66,62,27,8,,156,236,
44,62,28,1,,,159,
13,62,29,2,,201,284,
48,62,30,3,,146,186,
21,62,32,5,,199,282,
6,62,33,6,,149,251,
2,62,34,7,,197,216,
56,62,35,8,,158,267,
57,62,36,1,,203,221,
38,62,37,2,,162,235,
60,62,38,3,,153,203,
37,62,39,4,,228,231,
25,62,40,5,,,212,
39,62,41,6,,,285,
33,62,42,7,,298,138,
64,62,43,8,,202,167,
49,62,44,1,,212,220,
59,62,45,2,,188,,
22,62,46,3,,178,,
43,62,47,4,,143,140,
52,62,48,5,,,201,
27,62,49,6,,230,198,
54,62,50,7,,160,270,
11,62,52,1,,214,553,
53,62,53,2,157,231,245,
7,62,54,3,,222,250,
46,62,55,4,,232,246,
67,62,56,5,,162,235,
0,62,57,6,,220,,
42,62,58,7,,166,253,
20,62,59,8,,195,264,
36,62,60,1,,208,162,
3,62,62,3,,320,529,
31,62,63,4,,,291,
24,62,64,5,,188,,
62,62,65,6,,202,227,
17,62,66,7,,222,286,
26,62,67,8,,217,303,
69,62,68,1,,177,242,
47,62,69,2,215,204,,
55,62,70,3,,243,193,
50,62,71,4,,181,247,
68,62,72,5,,,254,
34,62,73,6,,240,,
63,62,74,7,,,222,
1,62,76,1,,,186,
65,62,77,2,188,190,175,
61,62,78,3,,138,266,
12,62,79,4,,236,235,
10,63,1,7,,213,,
25,63,2,8,,223,243,
1,63,3,1,,205,269,
41,63,4,2,,,191,
39,63,5,3,,258,,
68,63,6,4,,213,197,
18,63,7,5,,234,270,
26,63,8,6,,228,223,
69,63,9,7,,170,,
43,63,10,8,,371,414,
57,63,11,1,,210,282,
42,63,12,2,,230,,
34,63,13,3,,144,277,
9,63,14,4,,,292,
46,63,15,5,,364,254,266
14,63,16,6,,249,231,
71,63,17,7,,207,244,
52,63,18,8,,,282,
31,63,19,1,,233,237,
40,63,20,2,,215,211,254
36,63,21,3,,,277,
30,63,22,4,,261,287,
7,63,23,5,,199,245,
12,63,24,6,,193,,
37,63,25,7,,,200,
3,63,26,8,,161,242,269
2,63,27,1,,172,211,
55,63,28,2,,,235,
54,63,30,4,,129,200,
11,63,31,5,,183,,
5,63,32,6,,,248,
33,63,33,7,,193,331,
32,63,34,8,,,,
63,63,35,1,,144,190,
15,63,36,2,,202,219,
48,63,37,3,,161,158,
44,63,38,4,,221,233,
72,63,39,5,,187,182,
49,63,40,6,,186,218,
4,63,41,7,,,,
62,63,42,8,,317,172,
65,63,43,1,,175,133,
50,63,44,2,,229,264,
0,63,45,3,,198,239,
45,63,46,4,,,215,
70,63,47,5,,237,373,
28,63,48,6,,169,372,
8,63,49,7,,253,247,
19,63,51,1,,236,222,
76,63,52,2,,177,253,
74,63,53,3,,,222,
13,63,54,4,,328,372,
60,63,55,5,,280,352,
67,63,56,6,,,242,
75,63,57,7,,,246,
61,63,58,8,,230,,
21,63,59,1,,172,213,
58,63,60,2,,317,183,
38,63,61,3,,228,271,
23,63,62,4,,291,317,
59,63,63,5,,190,257,
53,63,64,6,,183,153,
56,63,65,7,,212,419,
29,63,66,8,,322,,
24,63,67,1,,207,232,
27,63,68,2,,248,234,
47,63,69,3,,,184,
73,63,70,4,,299,240,
16,63,71,5,,186,,
35,63,72,6,,202,256,
17,63,73,7,,201,243,
22,63,74,8,,203,165,
20,63,75,1,,292,187,
64,63,76,2,,234,420,
66,63,77,3,129,140,199,
6,63,79,5,,201,194,
51,63,80,6,,295,214,
4,64,1,8,,,,
77,64,2,1,,178,,
11,64,3,2,,139,169,
18,64,4,3,,,,
67,64,5,4,,,,
75,64,6,5,,180,181,
10,64,7,6,,212,171,
17,64,8,7,,187,155,
48,64,9,8,,264,167,
16,64,10,1,,136,,
47,64,11,2,,159,132,
19,64,12,3,,246,162,
49,64,13,4,,159,157,
21,64,14,5,,249,316,
40,64,15,6,,,148,
65,64,16,7,,,,
2,64,17,8,,,,
73,64,18,1,,167,316,222
69,64,19,2,,229,269,
38,64,20,3,,169,157,
51,64,21,4,,211,192,
66,64,22,5,,,,
29,64,23,6,,,,
52,64,24,7,,208,190,230
22,64,25,8,,144,,293
15,64,26,1,,147,176,
72,64,27,2,,,128,
30,64,28,3,,228,154,
58,64,29,4,,173,165,
28,64,30,5,,154,220,
76,64,31,6,,261,307,
8,64,32,7,,,,
54,64,33,8,,188,,
70,64,34,1,,189,,
14,64,36,3,,150,189,
0,64,37,4,,145,152,
36,64,38,5,,142,174,
6,64,39,6,,,,
61,64,40,7,,,,
31,64,41,8,,177,357,
74,64,42,1,,165,,
13,64,43,2,,,,
7,64,44,3,,192,,
43,64,45,4,,,,
27,64,46,5,,,263,
56,64,47,6,,182,167,
3,64,48,7,,165,132,
33,64,49,8,,,290,
50,64,50,1,,,160,
20,64,51,2,,224,373,
68,64,52,3,,1139,161,
24,64,53,4,149,329,160,
12,64,55,6,,,,
32,64,56,7,,,211,
41,64,57,8,,171,191,
59,64,58,1,,,164,
5,64,59,2,,141,136,
37,64,60,3,,170,165,
45,64,61,4,,174,358,
25,64,62,5,,165,,204
46,64,63,6,,385,199,
57,64,64,7,,141,149,
1,64,65,8,,248,,
71,64,66,1,,186,133,
34,64,67,2,,,281,
23,64,68,3,,153,,
26,64,69,4,,158,172,
63,64,70,5,,144,187,
35,64,71,6,,179,,
42,64,72,7,,164,172,
39,64,73,8,,190,,
64,64,74,1,,194,176,302
9,64,75,2,,197,151,118
60,64,76,3,,170,,
55,64,77,4,,,,
62,64,78,5,,,112,
53,64,79,6,,,184,
44,64,80,7,,183,211,
