subject	item	sentcond	questcond	dependnum	starttime	endtime	subresp	correctresp	accuracy
1	14	 6	 6	1	1873196	1875858	6	6	1
1	31	 7	 7	1	1883211	1884864	7	7	1
1	26	 2	 6	1	1892492	1894082	6	6	1
1	22	 6	 6	1	1906993	1908412	6	6	1
1	29	 5	 6	1	1928388	1929825	6	6	1
1	27	 3	 7	1	1944017	1945224	7	7	1
1	11	 3	 7	1	1952014	1954082	7	7	1
1	16	 8	 7	1	1995204	1996543	7	7	1
1	15	 7	 6	1	2003062	2004176	6	6	1
1	24	 8	 7	1	2011647	2013123	7	7	1
1	20	 4	 6	1	2053670	2055023	6	6	1
1	12	 4	 7	1	2062831	2064332	7	7	1
1	30	 6	 6	1	2092622	2093648	6	6	1
1	18	 2	 7	1	2107120	2108276	7	7	1
1	1	 1	 7	1	2142701	2143962	7	7	1
1	7	 7	 6	1	2157882	2160153	7	6	0
1	21	 5	 6	1	2168781	2170084	6	6	1
1	32	 8	 6	1	2177196	2178307	6	6	1
1	23	 7	 7	1	2192530	2193653	7	7	1
1	6	 6	 7	1	2220303	2221346	7	7	1
1	10	 2	 7	1	2235231	2236771	7	7	1
1	19	 3	 6	1	2267696	2269888	6	6	1
1	2	 2	 6	1	2276633	2278689	6	6	1
1	4	 4	 7	1	2304286	2305394	7	7	1
1	8	 8	 7	1	2317136	2318334	7	7	1
1	3	 3	 6	1	2327544	2328681	6	6	1
1	9	 1	 6	1	2347368	2348581	6	6	1
1	13	 5	 6	1	2379901	2381088	6	6	1
1	25	 1	 7	1	2393554	2394788	7	7	1
1	17	 1	 6	1	2402702	2404476	6	6	1
1	28	 4	 7	1	2411053	2412806	7	7	1
1	5	 5	 7	1	2433699	2435380	7	7	1
2	18	 3	 7	1	3354679	3357128	7	7	1
2	14	 7	 6	1	3364952	3367302	6	6	1
2	15	 8	 6	1	3393794	3396078	6	6	1
2	17	 2	 6	1	3410475	3412699	6	6	1
2	2	 3	 6	1	3419897	3421722	6	6	1
2	24	 1	 7	1	3435337	3436858	7	7	1
2	11	 4	 7	1	3443962	3445988	6	7	0
2	4	 5	 7	1	3452453	3454492	7	7	1
2	8	 1	 7	1	3462170	3463814	7	7	1
2	16	 1	 7	1	3471054	3472233	7	7	1
2	13	 6	 6	1	3498596	3499948	6	6	1
2	23	 8	 7	1	3513875	3515143	7	7	1
2	31	 8	 7	1	3527440	3528522	7	7	1
2	25	 2	 7	1	3535413	3536617	7	7	1
2	6	 7	 7	1	3554516	3555977	7	7	1
2	20	 5	 6	1	3566746	3568361	6	6	1
2	7	 8	 6	1	3574926	3576768	6	6	1
2	19	 4	 6	1	3595095	3596855	6	6	1
2	21	 6	 6	1	3619128	3620538	6	6	1
2	32	 1	 6	1	3653707	3655048	6	6	1
2	12	 5	 7	1	3673865	3675023	7	7	1
2	3	 4	 6	1	3693311	3694603	6	6	1
2	26	 3	 6	1	3713733	3715104	6	6	1
2	10	 3	 7	1	3752816	3754316	7	7	1
2	5	 6	 7	1	3767424	3769343	7	7	1
2	30	 7	 6	1	3795369	3796266	6	6	1
2	9	 2	 6	1	3814101	3815358	6	6	1
2	27	 4	 7	1	3821958	3823180	7	7	1
2	1	 2	 7	1	3843615	3844638	7	7	1
2	28	 5	 7	1	3859830	3861109	7	7	1
2	22	 7	 6	1	3867771	3869278	6	6	1
2	29	 6	 6	1	3881137	3882387	6	6	1
3	10	 4	 7	1	5321211	5323752	7	7	1
3	32	 2	 6	1	5341859	5343198	6	6	1
3	16	 2	 7	1	5376492	5377966	7	7	1
3	1	 3	 7	1	5385899	5387423	7	7	1
3	21	 7	 6	1	5411200	5412255	6	6	1
3	18	 4	 7	1	5436083	5437143	7	7	1
3	17	 3	 6	1	5452324	5453409	6	6	1
3	30	 8	 6	1	5468281	5469137	6	6	1
3	28	 6	 7	1	5499357	5500616	7	7	1
3	3	 5	 6	1	5543125	5544275	6	6	1
3	25	 3	 7	1	5557232	5558400	7	7	1
3	9	 3	 6	1	5569025	5570418	6	6	1
3	13	 7	 6	1	5578501	5579534	6	6	1
3	22	 8	 6	1	5600358	5602100	6	6	1
3	15	 1	 6	1	5627916	5629104	6	6	1
3	24	 2	 7	1	5636523	5639129	7	7	1
3	26	 4	 6	1	5673983	5675701	6	6	1
3	6	 8	 7	1	5683848	5684867	7	7	1
3	20	 6	 6	1	5694437	5695586	6	6	1
3	11	 5	 7	1	5703730	5704960	7	7	1
3	4	 6	 7	1	5713437	5714638	7	7	1
3	8	 2	 7	1	5721391	5722615	7	7	1
3	27	 5	 7	1	5749200	5750402	7	7	1
3	19	 5	 6	1	5773231	5774377	6	6	1
3	23	 1	 7	1	5794232	5795553	7	7	1
3	31	 1	 7	1	5803048	5804210	7	7	1
3	7	 1	 6	1	5820587	5822259	6	6	1
3	12	 6	 7	1	5880817	5882376	7	7	1
3	14	 8	 6	1	5891154	5892393	6	6	1
3	29	 7	 6	1	5953743	5956094	6	6	1
3	5	 7	 7	1	5971669	5973368	7	7	1
3	2	 4	 6	1	5980154	5981890	6	6	1
4	16	 3	 7	1	7160518	7162777	7	7	1
4	9	 4	 6	1	7205751	7207452	6	6	1
4	13	 8	 6	1	7215098	7216896	6	6	1
4	24	 3	 7	1	7230753	7232981	7	7	1
4	29	 8	 6	1	7242512	7244766	6	6	1
4	32	 3	 6	1	7253764	7255817	6	6	1
4	15	 2	 6	1	7275856	7277751	6	6	1
4	12	 7	 7	1	7294421	7296468	7	7	1
4	21	 8	 6	1	7310618	7312760	6	6	1
4	26	 5	 6	1	7325390	7327504	6	6	1
4	2	 5	 6	1	7345422	7348027	6	6	1
4	31	 2	 7	1	7375048	7377626	7	7	1
4	28	 7	 7	1	7392658	7394657	7	7	1
4	20	 7	 6	1	7402158	7404843	6	6	1
4	6	 1	 7	1	7415643	7417357	7	7	1
4	7	 2	 6	1	7432255	7434725	6	6	1
4	19	 6	 6	1	7450844	7454236	6	6	1
4	8	 3	 7	1	7492574	7494546	7	7	1
4	22	 1	 6	1	7513296	7515307	6	6	1
4	25	 4	 7	1	7558232	7559869	7	7	1
4	18	 5	 7	1	7578404	7580757	7	7	1
4	3	 6	 6	1	7589546	7591549	6	6	1
4	23	 2	 7	1	7632931	7634658	7	7	1
4	11	 6	 7	1	7640992	7646115	6	7	0
4	17	 4	 6	1	7656358	7658302	6	6	1
4	30	 1	 6	1	7789595	7791135	6	6	1
4	10	 5	 7	1	7812846	7816610	7	7	1
4	4	 7	 7	1	7842200	7844298	7	7	1
4	5	 8	 7	1	7851598	7853579	7	7	1
4	1	 4	 7	1	7859589	7863338	7	7	1
4	14	 1	 6	1	7878562	7881484	7	6	0
4	27	 6	 7	1	7893046	7894503	7	7	1
5	6	 2	 7	1	8894361	8897740	6	7	0
5	2	 6	 6	1	8913358	8916354	7	6	0
5	9	 5	 6	1	8927424	8930032	7	6	0
5	32	 4	 6	1	8997345	9003201	6	6	1
5	28	 8	 7	1	9070543	9073198	7	7	1
5	24	 4	 7	1	9104408	9106567	7	7	1
5	21	 1	 6	1	9115309	9117741	6	6	1
5	20	 8	 6	1	9139752	9141918	6	6	1
5	27	 7	 7	1	9151443	9154985	7	7	1
5	29	 1	 6	1	9170750	9174329	7	6	0
5	19	 7	 6	1	9195196	9199682	6	6	1
5	4	 8	 7	1	9207406	9209073	7	7	1
5	8	 4	 7	1	9216750	9219017	7	7	1
5	7	 3	 6	1	9227222	9230606	6	6	1
5	22	 2	 6	1	9256610	9258538	6	6	1
5	18	 6	 7	1	9273892	9280021	7	7	1
5	16	 4	 7	1	9304595	9306956	7	7	1
5	13	 1	 6	1	9315474	9317245	6	6	1
5	17	 5	 6	1	9326876	9328923	6	6	1
5	3	 7	 6	1	9344947	9346713	6	6	1
5	31	 3	 7	1	9356080	9358289	7	7	1
5	25	 5	 7	1	9365296	9366700	7	7	1
5	30	 2	 6	1	9387751	9389638	6	6	1
5	1	 5	 7	1	9417887	9420127	7	7	1
5	5	 1	 7	1	9435006	9439335	7	7	1
5	23	 3	 7	1	9460182	9461966	7	7	1
5	15	 3	 6	1	9498030	9499752	6	6	1
5	14	 2	 6	1	9509007	9511570	6	6	1
5	12	 8	 7	1	9519183	9521126	7	7	1
5	10	 6	 7	1	9541155	9544178	7	7	1
5	26	 6	 6	1	9576183	9579539	6	6	1
5	11	 7	 7	1	9600229	9601367	7	7	1
6	30	 3	 6	1	10701748	10703723	6	6	1
6	6	 3	 7	1	10746421	10748700	7	7	1
6	18	 7	 7	1	10758151	10760269	7	7	1
6	24	 5	 7	1	10768170	10770220	7	7	1
6	19	 8	 6	1	10778092	10781447	7	6	0
6	20	 1	 6	1	10813101	10815291	6	6	1
6	21	 2	 6	1	10822417	10824433	6	6	1
6	7	 4	 6	1	10840659	10843654	7	6	0
6	15	 4	 6	1	10852065	10854337	6	6	1
6	5	 2	 7	1	10865580	10867755	7	7	1
6	13	 2	 6	1	10875610	10877064	6	6	1
6	3	 8	 6	1	10892012	10893884	6	6	1
6	29	 2	 6	1	10933313	10935097	6	6	1
6	12	 1	 7	1	10949615	10951580	7	7	1
6	26	 7	 6	1	10971795	10974954	6	6	1
6	22	 3	 6	1	11025380	11029175	6	6	1
6	11	 8	 7	1	11053342	11055197	6	7	0
6	2	 7	 6	1	11065374	11068155	6	6	1
6	10	 7	 7	1	11091375	11093554	7	7	1
6	17	 6	 6	1	11107688	11109999	6	6	1
6	25	 6	 7	1	11144431	11146068	7	7	1
6	4	 1	 7	1	11177996	11182438	6	7	0
6	28	 1	 7	1	11259008	11260851	7	7	1
6	16	 5	 7	1	11269308	11271017	7	7	1
6	31	 4	 7	1	11278869	11281954	7	7	1
6	23	 4	 7	1	11299321	11300935	7	7	1
6	1	 6	 7	1	11330501	11332471	7	7	1
6	27	 8	 7	1	11412981	11414298	7	7	1
6	14	 3	 6	1	11422406	11428343	7	6	0
6	8	 5	 7	1	11438653	11440551	7	7	1
6	32	 5	 6	1	11547086	11548896	6	6	1
6	9	 6	 6	1	11555526	11558496	6	6	1
7	23	 5	 7	1	14489834	14492394	7	7	1
7	19	 1	 6	1	14555727	14558898	6	6	1
7	10	 8	 7	1	14578735	14580974	7	7	1
7	12	 2	 7	1	14590385	14593187	7	7	1
7	17	 7	 6	1	14603705	14605967	6	6	1
7	27	 1	 7	1	14623530	14625306	7	7	1
7	18	 8	 7	1	14643840	14645367	7	7	1
7	13	 3	 6	1	14653416	14656221	6	6	1
7	9	 7	 6	1	14716865	14718270	6	6	1
7	8	 6	 7	1	14739887	14742147	7	7	1
7	31	 5	 7	1	14753524	14754795	7	7	1
7	24	 6	 7	1	14851920	14857986	6	7	0
7	28	 2	 7	1	14937899	14939382	7	7	1
7	14	 4	 6	1	14948423	14950503	7	6	0
7	20	 2	 6	1	14979561	14981632	6	6	1
7	6	 4	 7	1	15039848	15041012	7	7	1
7	29	 3	 6	1	15051347	15052563	6	6	1
7	11	 1	 7	1	15073757	15075322	7	7	1
7	26	 8	 6	1	15084705	15086484	6	6	1
7	16	 6	 7	1	15106643	15108943	7	7	1
7	21	 3	 6	1	15130590	15132107	6	6	1
7	1	 7	 7	1	15144823	15146609	7	7	1
7	15	 5	 6	1	15172001	15173445	6	6	1
7	22	 4	 6	1	15183310	15184472	6	6	1
7	25	 7	 7	1	15224748	15226109	7	7	1
7	3	 1	 6	1	15255142	15256373	6	6	1
7	30	 4	 6	1	15295752	15296710	6	6	1
7	2	 8	 6	1	15318201	15320377	6	6	1
7	7	 5	 6	1	15342501	15344903	6	6	1
7	5	 3	 7	1	15353626	15355557	7	7	1
7	4	 2	 7	1	15372343	15373495	7	7	1
7	32	 6	 6	1	15382366	15383642	6	6	1
8	15	 6	 6	1	16148205	16150702	6	6	1
8	21	 4	 6	1	16159962	16161793	6	6	1
8	18	 1	 7	1	16195091	16196806	6	7	0
8	23	 6	 7	1	16211889	16213576	7	7	1
8	2	 1	 6	1	16225063	16227772	6	6	1
8	24	 7	 7	1	16237840	16239381	7	7	1
8	3	 2	 6	1	16256850	16259549	6	6	1
8	19	 2	 6	1	16302567	16308818	6	6	1
8	29	 4	 6	1	16321589	16323674	6	6	1
8	1	 8	 7	1	16331290	16333780	7	7	1
8	25	 8	 7	1	16343157	16344970	7	7	1
8	5	 4	 7	1	16352609	16354608	7	7	1
8	6	 5	 7	1	16385767	16387545	7	7	1
8	10	 1	 7	1	16423111	16426666	7	7	1
8	32	 7	 6	1	16451184	16452748	6	6	1
8	11	 2	 7	1	16460802	16463523	7	7	1
8	8	 7	 7	1	16473566	16475482	7	7	1
8	17	 8	 6	1	16496077	16497528	6	6	1
8	31	 6	 7	1	16522690	16526232	7	7	1
8	14	 5	 6	1	16534696	16536976	6	6	1
8	30	 5	 6	1	16571306	16572625	6	6	1
8	4	 3	 7	1	16600208	16603174	7	7	1
8	16	 7	 7	1	16612456	16614537	7	7	1
8	20	 3	 6	1	16623562	16626552	6	6	1
8	27	 2	 7	1	16660774	16662984	7	7	1
8	26	 1	 6	1	16671704	16675519	6	6	1
8	22	 5	 6	1	16762822	16764289	6	6	1
8	13	 4	 6	1	16774468	16776432	6	6	1
8	12	 3	 7	1	16838053	16840329	7	7	1
8	28	 3	 7	1	16848574	16850601	7	7	1
8	9	 8	 6	1	16875867	16879366	7	6	0
8	7	 6	 6	1	16897873	16903006	7	6	0
9	12	 4	 7	1	18864407	18865843	7	7	1
9	24	 8	 7	1	18880877	18882313	7	7	1
9	20	 4	 6	1	18906416	18908024	6	6	1
9	4	 4	 7	1	18932747	18933643	7	7	1
9	3	 3	 6	1	18943200	18944137	6	6	1
9	6	 6	 7	1	18951839	18953056	7	7	1
9	14	 6	 6	1	18969558	18970698	6	6	1
9	17	 1	 6	1	18988216	18989208	6	6	1
9	18	 2	 7	1	19002166	19003177	7	7	1
9	29	 5	 6	1	19015789	19017282	6	6	1
9	26	 2	 6	1	19046663	19047759	6	6	1
9	16	 8	 7	1	19056734	19057982	7	7	1
9	5	 5	 7	1	19067575	19068864	7	7	1
9	13	 5	 6	1	19083533	19084399	6	6	1
9	32	 8	 6	1	19104485	19105415	6	6	1
9	10	 2	 7	1	19151941	19153123	7	7	1
9	11	 3	 7	1	19160633	19161419	7	7	1
9	25	 1	 7	1	19168145	19169526	7	7	1
9	22	 6	 6	1	19254499	19255328	6	6	1
9	7	 7	 6	1	19267770	19269498	6	6	1
9	21	 5	 6	1	19280644	19281480	6	6	1
9	28	 4	 7	1	19294867	19296077	7	7	1
9	9	 1	 6	1	19321359	19322520	6	6	1
9	27	 3	 7	1	19337227	19338007	7	7	1
9	2	 2	 6	1	19350531	19351678	6	6	1
9	23	 7	 7	1	19362464	19363561	7	7	1
9	1	 1	 7	1	19379432	19380285	7	7	1
9	31	 7	 7	1	19388501	19389423	7	7	1
9	19	 3	 6	1	19401305	19402544	6	6	1
9	15	 7	 6	1	19412399	19413582	6	6	1
9	30	 6	 6	1	19433031	19433951	6	6	1
9	8	 8	 7	1	19445652	19447125	7	7	1
10	27	 4	 7	1	19920171	19922927	7	7	1
10	14	 7	 6	1	19943983	19947429	7	6	0
10	19	 4	 6	1	19979164	19980936	7	6	0
10	8	 1	 7	1	19991410	19993541	7	7	1
10	15	 8	 6	1	19999252	20001486	6	6	1
10	1	 2	 7	1	20010084	20011857	7	7	1
10	4	 5	 7	1	20019615	20021338	7	7	1
10	25	 2	 7	1	20045911	20047450	7	7	1
10	6	 7	 7	1	20085499	20087185	7	7	1
10	7	 8	 6	1	20109866	20114111	6	6	1
10	16	 1	 7	1	20155132	20157142	7	7	1
10	18	 3	 7	1	20185814	20188578	7	7	1
10	3	 4	 6	1	20233609	20235252	6	6	1
10	2	 3	 6	1	20241433	20244062	6	6	1
10	20	 5	 6	1	20250752	20252874	6	6	1
10	21	 6	 6	1	20259880	20262118	6	6	1
10	29	 6	 6	1	20279513	20281130	6	6	1
10	26	 3	 6	1	20306404	20308409	6	6	1
10	30	 7	 6	1	20368109	20369807	6	6	1
10	31	 8	 7	1	20377905	20380763	7	7	1
10	9	 2	 6	1	20389313	20393848	7	6	0
10	10	 3	 7	1	20402754	20404817	7	7	1
10	11	 4	 7	1	20418463	20421157	7	7	1
10	13	 6	 6	1	20458751	20459888	6	6	1
10	24	 1	 7	1	20467700	20469908	7	7	1
10	23	 8	 7	1	20476379	20477851	7	7	1
10	32	 1	 6	1	20484886	20486885	6	6	1
10	17	 2	 6	1	20495940	20498363	6	6	1
10	22	 7	 6	1	20507909	20511849	7	6	0
10	12	 5	 7	1	20532670	20534930	7	7	1
10	5	 6	 7	1	20543084	20545027	7	7	1
10	28	 5	 7	1	20574247	20576109	7	7	1
11	31	 1	 7	1	21220815	21222781	7	7	1
11	1	 3	 7	1	21278893	21280718	7	7	1
11	28	 6	 7	1	21288665	21290331	7	7	1
11	11	 5	 7	1	21296416	21297496	7	7	1
11	19	 5	 6	1	21305249	21308572	7	6	0
11	21	 7	 6	1	21317797	21319764	6	6	1
11	16	 2	 7	1	21326825	21328452	7	7	1
11	17	 3	 6	1	21336662	21337914	6	6	1
11	20	 6	 6	1	21346834	21348538	6	6	1
11	13	 7	 6	1	21363292	21364730	6	6	1
11	25	 3	 7	1	21378278	21379528	7	7	1
11	26	 4	 6	1	21386931	21388824	6	6	1
11	22	 8	 6	1	21397427	21398822	6	6	1
11	14	 8	 6	1	21409888	21411829	7	6	0
11	6	 8	 7	1	21422399	21424888	7	7	1
11	24	 2	 7	1	21432136	21435568	7	7	1
11	27	 5	 7	1	21462375	21463462	7	7	1
11	9	 3	 6	1	21470830	21472478	6	6	1
11	12	 6	 7	1	21479194	21480689	7	7	1
11	5	 7	 7	1	21517365	21518951	7	7	1
11	30	 8	 6	1	21533236	21534865	6	6	1
11	32	 2	 6	1	21571539	21572766	6	6	1
11	2	 4	 6	1	21600109	21602129	6	6	1
11	29	 7	 6	1	21611023	21612869	6	6	1
11	18	 4	 7	1	21619752	21620682	7	7	1
11	8	 2	 7	1	21643403	21644856	7	7	1
11	7	 1	 6	1	21682084	21684476	6	6	1
11	10	 4	 7	1	21702965	21704321	7	7	1
11	3	 5	 6	1	21719404	21720886	6	6	1
11	15	 1	 6	1	21727191	21728104	6	6	1
11	23	 1	 7	1	21797917	21799040	7	7	1
11	4	 6	 7	1	21807005	21807894	7	7	1
12	28	 7	 7	1	23451904	23454508	7	7	1
12	12	 7	 7	1	23566557	23569172	7	7	1
12	29	 8	 6	1	23645483	23647633	6	6	1
12	21	 8	 6	1	23692025	23693799	6	6	1
12	7	 2	 6	1	23705978	23708553	6	6	1
12	11	 6	 7	1	23774249	23776537	6	7	0
12	14	 1	 6	1	23795461	23800079	6	6	1
12	30	 1	 6	1	23828643	23830140	6	6	1
12	18	 5	 7	1	23847510	23849466	7	7	1
12	16	 3	 7	1	23871112	23873110	7	7	1
12	27	 6	 7	1	23882628	23884646	7	7	1
12	31	 2	 7	1	23906634	23908242	7	7	1
12	8	 3	 7	1	23940283	23942375	7	7	1
12	25	 4	 7	1	23957129	23958702	7	7	1
12	3	 6	 6	1	23967934	23969624	6	6	1
12	2	 5	 6	1	23981616	23985099	6	6	1
12	4	 7	 7	1	23996801	23998089	7	7	1
12	22	 1	 6	1	24015397	24018004	6	6	1
12	17	 4	 6	1	24050782	24052168	6	6	1
12	19	 6	 6	1	24077758	24083594	6	6	1
12	10	 5	 7	1	24096314	24099016	7	7	1
12	1	 4	 7	1	24108087	24110129	7	7	1
12	32	 3	 6	1	24120583	24122891	6	6	1
12	23	 2	 7	1	24132931	24134513	7	7	1
12	20	 7	 6	1	24226154	24228308	6	6	1
12	5	 8	 7	1	24239489	24241352	7	7	1
12	13	 8	 6	1	24271023	24272381	6	6	1
12	9	 4	 6	1	24302323	24304057	6	6	1
12	24	 3	 7	1	24314009	24315757	7	7	1
12	6	 1	 7	1	24331657	24334799	7	7	1
12	26	 5	 6	1	24344815	24346499	6	6	1
12	15	 2	 6	1	24356195	24358567	6	6	1
13	6	 2	 7	1	25269099	25273961	7	7	1
13	17	 5	 6	1	25293436	25295760	6	6	1
13	21	 1	 6	1	25336360	25339882	6	6	1
13	28	 8	 7	1	25354719	25358150	7	7	1
13	1	 5	 7	1	25420106	25423479	7	7	1
13	10	 6	 7	1	25449338	25451887	7	7	1
13	15	 3	 6	1	25520630	25530277	6	6	1
13	20	 8	 6	1	25578735	25585635	7	6	0
13	4	 8	 7	1	25653573	25656701	7	7	1
13	24	 4	 7	1	25668492	25671427	7	7	1
13	9	 5	 6	1	25688048	25691062	6	6	1
13	7	 3	 6	1	25713652	25717741	6	6	1
13	29	 1	 6	1	25764206	25766871	6	6	1
13	32	 4	 6	1	25823716	25827155	6	6	1
13	27	 7	 7	1	25858155	25860389	7	7	1
13	11	 7	 7	1	25898372	25903641	7	7	1
13	22	 2	 6	1	25973152	25975809	6	6	1
13	26	 6	 6	1	25983318	25987678	6	6	1
13	8	 4	 7	1	26015374	26029495	7	7	1
13	5	 1	 7	1	26087374	26090440	7	7	1
13	31	 3	 7	1	26112553	26122940	7	7	1
13	13	 1	 6	1	26141065	26143387	6	6	1
13	16	 4	 7	1	26195387	26198839	7	7	1
13	19	 7	 6	1	26246442	26251796	6	6	1
13	3	 7	 6	1	26281755	26284777	6	6	1
13	2	 6	 6	1	26353910	26360607	6	6	1
13	30	 2	 6	1	26394498	26396519	6	6	1
13	18	 6	 7	1	26404830	26411063	7	7	1
13	25	 5	 7	1	26426738	26428484	7	7	1
13	12	 8	 7	1	26442104	26444056	7	7	1
13	23	 3	 7	1	26473477	26475600	7	7	1
13	14	 2	 6	1	26489218	26492180	6	6	1
14	27	 8	 7	1	27047782	27050352	7	7	1
14	24	 5	 7	1	27060940	27063688	7	7	1
14	9	 6	 6	1	27086195	27087545	6	6	1
14	8	 5	 7	1	27116168	27117798	7	7	1
14	13	 2	 6	1	27132976	27134229	6	6	1
14	30	 3	 6	1	27160981	27162039	6	6	1
14	32	 5	 6	1	27169078	27170324	6	6	1
14	21	 2	 6	1	27180218	27181486	6	6	1
14	5	 2	 7	1	27187774	27188886	6	7	0
14	29	 2	 6	1	27225450	27226596	6	6	1
14	15	 4	 6	1	27243725	27245449	6	6	1
14	26	 7	 6	1	27280730	27283122	6	6	1
14	2	 7	 6	1	27289836	27291260	6	6	1
14	4	 1	 7	1	27300387	27301365	7	7	1
14	6	 3	 7	1	27334487	27336487	7	7	1
14	17	 6	 6	1	27352685	27354985	6	6	1
14	18	 7	 7	1	27377365	27379715	7	7	1
14	10	 7	 7	1	27414615	27416360	7	7	1
14	19	 8	 6	1	27458076	27460277	6	6	1
14	12	 1	 7	1	27487848	27489391	7	7	1
14	20	 1	 6	1	27498064	27500575	6	6	1
14	25	 6	 7	1	27530893	27532308	7	7	1
14	1	 6	 7	1	27557450	27558303	7	7	1
14	22	 3	 6	1	27577542	27579407	6	6	1
14	23	 4	 7	1	27588117	27589323	7	7	1
14	11	 8	 7	1	27598558	27600245	7	7	1
14	3	 8	 6	1	27606062	27607180	6	6	1
14	16	 5	 7	1	27617644	27620217	7	7	1
14	31	 4	 7	1	27629849	27631010	7	7	1
14	7	 4	 6	1	27677920	27680514	6	6	1
14	28	 1	 7	1	27687556	27688891	7	7	1
14	14	 3	 6	1	27697918	27701406	7	6	0
15	83	 9	 7	1	1414006	1417139	6	6	1
15	81	 9	 7	1	1426327	1429604	7	7	1
15	82	 9	 7	1	1443187	1446570	7	7	1
15	27	 1	 7	1	1500214	1502454	7	7	1
15	17	 7	 6	1	1513131	1514922	6	6	1
15	21	 3	 6	1	1536704	1538528	6	6	1
15	10	 8	 7	1	1548531	1552117	7	7	1
15	16	 6	 7	1	1573039	1575792	7	7	1
15	18	 8	 7	1	1589451	1591456	7	7	1
15	20	 2	 6	1	1611893	1637647	6	6	1
15	3	 1	 6	1	1663202	1666082	6	6	1
15	7	 5	 6	1	1709400	1713344	7	6	0
15	32	 6	 6	1	1732676	1739097	6	6	1
15	25	 7	 7	1	1775249	1777858	7	7	1
15	11	 1	 7	1	1907334	1909270	7	7	1
15	8	 6	 7	1	1927170	1929694	7	7	1
15	9	 7	 6	1	1938015	1941443	6	6	1
15	28	 2	 7	1	1964538	1966893	7	7	1
15	22	 4	 6	1	1977644	1979695	7	6	0
15	26	 8	 6	1	1987012	1989622	7	6	0
15	1	 7	 7	1	2011573	2013607	7	7	1
15	13	 3	 6	1	2030193	2033860	6	6	1
15	31	 5	 7	1	2044469	2048566	7	7	1
15	23	 5	 7	1	2065190	2067168	7	7	1
15	30	 4	 6	1	2129873	2132348	6	6	1
15	5	 3	 7	1	2156421	2159222	7	7	1
15	2	 8	 6	1	2172732	2176799	6	6	1
15	12	 2	 7	1	2193932	2196106	7	7	1
15	15	 5	 6	1	2204744	2207088	6	6	1
15	14	 4	 6	1	2236951	2238781	7	6	0
15	6	 4	 7	1	2254649	2256178	7	7	1
15	24	 6	 7	1	2280358	2283961	6	7	0
15	4	 2	 7	1	2325175	2326697	7	7	1
15	19	 1	 6	1	2334347	2336093	7	6	0
15	29	 3	 6	1	2344179	2346574	6	6	1
16	83	 9	 7	1	3227216	3230280	6	6	1
16	82	 9	 7	1	3263778	3266876	6	7	0
16	81	 9	 7	1	3285510	3287856	7	7	1
16	29	 4	 6	1	3333327	3335819	6	6	1
16	7	 6	 6	1	3385464	3388381	6	6	1
16	27	 2	 7	1	3458149	3461169	7	7	1
16	14	 5	 6	1	3506661	3509508	6	6	1
16	2	 1	 6	1	3540716	3543939	6	6	1
16	13	 4	 6	1	3558774	3560549	6	6	1
16	18	 1	 7	1	3576349	3579750	7	7	1
16	15	 6	 6	1	3586062	3587948	6	6	1
16	30	 5	 6	1	3636763	3638895	6	6	1
16	11	 2	 7	1	3668630	3671052	6	7	0
16	28	 3	 7	1	3687071	3689543	7	7	1
16	24	 7	 7	1	3719054	3722381	7	7	1
16	20	 3	 6	1	3730392	3733038	6	6	1
16	8	 7	 7	1	3770911	3773565	7	7	1
16	5	 4	 7	1	3780715	3783660	7	7	1
16	22	 5	 6	1	3790742	3793522	6	6	1
16	25	 8	 7	1	3805473	3809021	7	7	1
16	17	 8	 6	1	3816111	3819395	6	6	1
16	31	 6	 7	1	3842609	3845020	7	7	1
16	1	 8	 7	1	3854384	3861452	7	7	1
16	16	 7	 7	1	3897728	3900090	7	7	1
16	21	 4	 6	1	3915822	3918429	6	6	1
16	10	 1	 7	1	3937090	3939609	7	7	1
16	23	 6	 7	1	4003810	4006161	7	7	1
16	4	 3	 7	1	4021497	4023406	7	7	1
16	3	 2	 6	1	4036325	4038405	6	6	1
16	32	 7	 6	1	4047591	4050167	7	6	0
16	9	 8	 6	1	4064911	4068783	6	6	1
16	12	 3	 7	1	4081246	4083733	7	7	1
16	6	 5	 7	1	4103655	4107620	7	7	1
16	26	 1	 6	1	4126991	4129150	6	6	1
16	19	 2	 6	1	4143635	4146373	6	6	1
17	81	 9	 7	1	7045574	7047984	7	7	1
17	83	 9	 7	1	7066774	7068712	6	6	1
17	82	 9	 7	1	7077373	7081488	7	7	1
17	32	 8	 6	1	7090969	7093150	6	6	1
17	24	 8	 7	1	7112148	7116862	7	7	1
17	28	 4	 7	1	7125081	7127002	7	7	1
17	29	 5	 6	1	7139726	7141697	6	6	1
17	31	 7	 7	1	7151939	7154183	7	7	1
17	26	 2	 6	1	7172778	7177149	6	6	1
17	14	 6	 6	1	7184466	7187978	7	6	0
17	22	 6	 6	1	7205200	7208637	6	6	1
17	11	 3	 7	1	7237889	7240176	7	7	1
17	19	 3	 6	1	7282038	7285117	6	6	1
17	17	 1	 6	1	7291875	7293852	6	6	1
17	21	 5	 6	1	7314811	7316773	6	6	1
17	9	 1	 6	1	7324612	7326407	6	6	1
17	12	 4	 7	1	7347369	7348951	7	7	1
17	16	 8	 7	1	7357127	7360306	7	7	1
17	3	 3	 6	1	7373151	7375377	6	6	1
17	7	 7	 6	1	7382002	7388990	7	6	0
17	8	 8	 7	1	7396719	7399636	7	7	1
17	30	 6	 6	1	7417864	7419295	6	6	1
17	5	 5	 7	1	7472215	7475335	7	7	1
17	18	 2	 7	1	7482296	7483612	7	7	1
17	23	 7	 7	1	7495904	7497582	7	7	1
17	2	 2	 6	1	7503981	7505779	6	6	1
17	10	 2	 7	1	7520202	7522270	7	7	1
17	15	 7	 6	1	7535864	7538087	6	6	1
17	4	 4	 7	1	7565463	7566584	7	7	1
17	25	 1	 7	1	7595959	7597450	7	7	1
17	6	 6	 7	1	7619522	7621142	7	7	1
17	1	 1	 7	1	7627350	7629861	7	7	1
17	27	 3	 7	1	7636464	7637998	7	7	1
17	13	 5	 6	1	7669903	7671577	6	6	1
17	20	 4	 6	1	7687635	7691220	6	6	1
18	81	 9	 7	1	9097965	9100230	7	7	1
18	83	 9	 7	1	9107195	9108789	6	6	1
18	82	 9	 7	1	9114859	9119700	7	7	1
18	30	 7	 6	1	9169225	9171430	6	6	1
18	3	 4	 6	1	9179372	9180740	6	6	1
18	13	 6	 6	1	9186420	9187995	6	6	1
18	4	 5	 7	1	9196464	9198387	7	7	1
18	1	 2	 7	1	9232378	9234286	7	7	1
18	2	 3	 6	1	9255060	9256901	7	6	0
18	28	 5	 7	1	9267433	9269445	7	7	1
18	11	 4	 7	1	9282418	9286268	7	7	1
18	26	 3	 6	1	9292282	9294150	6	6	1
18	5	 6	 7	1	9319743	9322199	7	7	1
18	17	 2	 6	1	9331519	9334435	6	6	1
18	6	 7	 7	1	9343633	9345904	7	7	1
18	10	 3	 7	1	9386313	9387888	7	7	1
18	21	 6	 6	1	9404506	9406558	6	6	1
18	25	 2	 7	1	9413962	9415650	7	7	1
18	14	 7	 6	1	9427514	9429186	6	6	1
18	19	 4	 6	1	9449138	9451670	6	6	1
18	22	 7	 6	1	9457888	9459659	6	6	1
18	12	 5	 7	1	9538376	9540062	7	7	1
18	15	 8	 6	1	9571490	9574924	6	6	1
18	32	 1	 6	1	9593707	9595370	6	6	1
18	16	 1	 7	1	9601251	9602700	7	7	1
18	23	 8	 7	1	9608129	9609196	7	7	1
18	18	 3	 7	1	9614464	9615514	7	7	1
18	27	 4	 7	1	9648378	9650950	7	7	1
18	8	 1	 7	1	9660493	9662481	7	7	1
18	9	 2	 6	1	9693659	9695597	6	6	1
18	29	 6	 6	1	9702126	9703254	6	6	1
18	24	 1	 7	1	9722142	9723680	7	7	1
18	7	 8	 6	1	9736479	9738814	6	6	1
18	31	 8	 7	1	9751560	9753095	7	7	1
18	20	 5	 6	1	9769576	9772521	7	6	0
19	83	 9	 7	1	10527330	10531878	7	6	0
19	82	 9	 7	1	10543574	10549249	7	7	1
19	81	 9	 7	1	10572953	10577014	7	7	1
19	17	 3	 6	1	10591987	10593435	6	6	1
19	9	 3	 6	1	10633562	10637254	6	6	1
19	10	 4	 7	1	10647049	10649342	7	7	1
19	4	 6	 7	1	10658694	10660423	7	7	1
19	27	 5	 7	1	10667717	10671158	7	7	1
19	8	 2	 7	1	10694204	10695839	7	7	1
19	6	 8	 7	1	10705287	10706514	7	7	1
19	24	 2	 7	1	10714416	10715613	7	7	1
19	22	 8	 6	1	10726040	10729194	6	6	1
19	32	 2	 6	1	10739036	10740548	6	6	1
19	1	 3	 7	1	10761694	10762730	7	7	1
19	19	 5	 6	1	10770454	10771691	7	6	0
19	29	 7	 6	1	10799165	10800585	6	6	1
19	12	 6	 7	1	10810485	10813916	7	7	1
19	31	 1	 7	1	10873169	10875103	7	7	1
19	16	 2	 7	1	10905360	10906936	7	7	1
19	7	 1	 6	1	10946492	10948600	6	6	1
19	5	 7	 7	1	10962530	10964168	7	7	1
19	21	 7	 6	1	10994021	10996005	6	6	1
19	2	 4	 6	1	11013640	11015711	6	6	1
19	18	 4	 7	1	11038165	11041056	7	7	1
19	3	 5	 6	1	11069337	11070364	6	6	1
19	13	 7	 6	1	11087174	11088261	6	6	1
19	15	 1	 6	1	11123478	11124783	6	6	1
19	23	 1	 7	1	11138604	11139872	7	7	1
19	25	 3	 7	1	11150875	11152310	7	7	1
19	11	 5	 7	1	11163346	11164171	6	7	0
19	30	 8	 6	1	11182420	11184057	6	6	1
19	20	 6	 6	1	11189702	11191079	6	6	1
19	28	 6	 7	1	11198081	11200097	7	7	1
19	26	 4	 6	1	11208065	11209320	6	6	1
19	14	 8	 6	1	11226873	11228439	6	6	1
20	83	 9	 7	1	15938389	15940363	6	6	1
20	81	 9	 7	1	15969384	15972202	6	7	0
20	82	 9	 7	1	15983556	15985362	7	7	1
20	18	 5	 7	1	16065339	16067489	7	7	1
20	14	 1	 6	1	16120860	16126520	7	6	0
20	31	 2	 7	1	16135109	16136426	7	7	1
20	26	 5	 6	1	16144842	16151079	7	6	0
20	24	 3	 7	1	16172615	16174794	7	7	1
20	16	 3	 7	1	16198976	16200612	7	7	1
20	19	 6	 6	1	16208261	16211985	7	6	0
20	5	 8	 7	1	16222339	16224364	7	7	1
20	10	 5	 7	1	16258574	16260551	7	7	1
20	9	 4	 6	1	16268359	16270417	6	6	1
20	17	 4	 6	1	16290293	16291552	6	6	1
20	13	 8	 6	1	16299943	16302666	6	6	1
20	27	 6	 7	1	16320334	16322334	7	7	1
20	15	 2	 6	1	16373857	16375312	6	6	1
20	32	 3	 6	1	16407888	16409746	6	6	1
20	28	 7	 7	1	16419248	16421423	7	7	1
20	21	 8	 6	1	16429584	16431404	6	6	1
20	12	 7	 7	1	16439740	16441244	7	7	1
20	4	 7	 7	1	16468589	16470841	7	7	1
20	25	 4	 7	1	16493435	16494758	7	7	1
20	7	 2	 6	1	16522755	16529077	7	6	0
20	3	 6	 6	1	16539273	16540475	6	6	1
20	29	 8	 6	1	16598518	16600421	6	6	1
20	6	 1	 7	1	16616072	16618190	7	7	1
20	2	 5	 6	1	16652907	16655997	6	6	1
20	1	 4	 7	1	16685097	16688264	7	7	1
20	8	 3	 7	1	16722294	16725333	7	7	1
20	22	 1	 6	1	16751382	16754316	6	6	1
20	11	 6	 7	1	16779018	16781195	7	7	1
20	20	 7	 6	1	16789934	16791816	6	6	1
20	30	 1	 6	1	16832805	16833992	6	6	1
20	23	 2	 7	1	16855455	16856679	7	7	1
21	83	 9	 7	1	17826782	17827937	6	6	1
21	81	 9	 7	1	17843366	17844202	7	7	1
21	82	 9	 7	1	17849625	17850700	7	7	1
21	7	 3	 6	1	17875668	17877166	6	6	1
21	28	 8	 7	1	17891812	17892836	7	7	1
21	29	 1	 6	1	17907772	17908740	6	6	1
21	15	 3	 6	1	17930432	17931125	6	6	1
21	4	 8	 7	1	17937243	17938024	7	7	1
21	3	 7	 6	1	17943422	17944320	6	6	1
21	21	 1	 6	1	17949654	17950586	6	6	1
21	11	 7	 7	1	17955792	17956623	7	7	1
21	22	 2	 6	1	17962819	17963752	6	6	1
21	24	 4	 7	1	17980656	17981550	7	7	1
21	5	 1	 7	1	17988263	17989395	7	7	1
21	2	 6	 6	1	18012849	18013763	6	6	1
21	26	 6	 6	1	18024484	18025318	6	6	1
21	18	 6	 7	1	18056925	18057784	7	7	1
21	10	 6	 7	1	18062579	18063538	7	7	1
21	20	 8	 6	1	18072860	18074355	6	6	1
21	19	 7	 6	1	18082988	18084172	6	6	1
21	16	 4	 7	1	18094208	18095014	7	7	1
21	32	 4	 6	1	18106023	18106790	6	6	1
21	9	 5	 6	1	18111571	18112640	6	6	1
21	6	 2	 7	1	18136079	18136941	7	7	1
21	13	 1	 6	1	18151720	18152484	6	6	1
21	27	 7	 7	1	18169579	18170229	7	7	1
21	17	 5	 6	1	18195407	18196086	6	6	1
21	23	 3	 7	1	18200971	18202009	7	7	1
21	12	 8	 7	1	18224005	18224860	7	7	1
21	8	 4	 7	1	18235212	18235973	7	7	1
21	1	 5	 7	1	18240581	18241290	7	7	1
21	30	 2	 6	1	18246712	18247940	6	6	1
21	14	 2	 6	1	18253392	18254337	6	6	1
21	25	 5	 7	1	18263881	18264539	7	7	1
21	31	 3	 7	1	18269499	18270565	7	7	1
22	81	 9	 7	1	21261432	21265158	7	7	1
22	83	 9	 7	1	21273105	21275614	6	6	1
22	82	 9	 7	1	21296242	21300188	7	7	1
22	17	 6	 6	1	21315058	21317831	6	6	1
22	5	 2	 7	1	21328981	21330686	6	7	0
22	30	 3	 6	1	21338445	21339572	6	6	1
22	10	 7	 7	1	21360942	21364347	7	7	1
22	12	 1	 7	1	21376676	21379444	7	7	1
22	26	 7	 6	1	21388881	21390802	6	6	1
22	31	 4	 7	1	21409698	21412175	6	7	0
22	25	 6	 7	1	21448017	21449804	7	7	1
22	20	 1	 6	1	21503162	21505617	6	6	1
22	8	 5	 7	1	21516263	21518897	7	7	1
22	28	 1	 7	1	21537429	21539621	7	7	1
22	15	 4	 6	1	21564869	21566836	6	6	1
22	32	 5	 6	1	21580190	21581816	6	6	1
22	18	 7	 7	1	21588356	21592115	6	7	0
22	9	 6	 6	1	21611230	21613060	6	6	1
22	21	 2	 6	1	21625518	21628420	6	6	1
22	4	 1	 7	1	21733314	21737084	7	7	1
22	2	 7	 6	1	21764594	21767338	6	6	1
22	27	 8	 7	1	21780831	21783259	7	7	1
22	14	 3	 6	1	21791227	21796401	7	6	0
22	6	 3	 7	1	21807496	21809374	7	7	1
22	11	 8	 7	1	21815859	21818733	7	7	1
22	24	 5	 7	1	21826375	21830439	7	7	1
22	29	 2	 6	1	21845475	21849781	6	6	1
22	1	 6	 7	1	21886587	21889030	7	7	1
22	19	 8	 6	1	21926758	21930633	6	6	1
22	23	 4	 7	1	21954993	21956598	7	7	1
22	3	 8	 6	1	21980138	21981889	6	6	1
22	22	 3	 6	1	21993913	21995907	6	6	1
22	13	 2	 6	1	22018069	22019340	6	6	1
22	7	 4	 6	1	22032780	22036892	6	6	1
22	16	 5	 7	1	22052731	22054910	7	7	1
23	81	 9	 7	1	23132306	23134530	7	7	1
23	82	 9	 7	1	23141739	23143180	7	7	1
23	83	 9	 7	1	23157249	23158526	6	6	1
23	3	 1	 6	1	23179599	23181230	6	6	1
23	25	 7	 7	1	23194262	23195535	7	7	1
23	4	 2	 7	1	23211932	23213093	7	7	1
23	7	 5	 6	1	23237641	23240375	6	6	1
23	26	 8	 6	1	23277992	23279636	6	6	1
23	18	 8	 7	1	23299308	23301009	7	7	1
23	15	 5	 6	1	23307326	23308908	6	6	1
23	24	 6	 7	1	23317326	23319462	7	7	1
23	13	 3	 6	1	23327133	23328357	6	6	1
23	28	 2	 7	1	23340939	23342595	7	7	1
23	21	 3	 6	1	23354487	23356312	6	6	1
23	2	 8	 6	1	23362955	23364363	6	6	1
23	27	 1	 7	1	23370492	23371651	7	7	1
23	31	 5	 7	1	23378302	23380538	7	7	1
23	19	 1	 6	1	23386988	23390093	6	6	1
23	10	 8	 7	1	23409666	23411379	7	7	1
23	17	 7	 6	1	23435301	23436523	6	6	1
23	1	 7	 7	1	23453334	23454350	7	7	1
23	5	 3	 7	1	23484117	23486163	7	7	1
23	30	 4	 6	1	23503147	23504782	6	6	1
23	29	 3	 6	1	23516483	23518065	6	6	1
23	23	 5	 7	1	23523914	23525182	7	7	1
23	11	 1	 7	1	23532575	23534765	7	7	1
23	22	 4	 6	1	23541285	23542607	6	6	1
23	14	 4	 6	1	23566096	23567952	6	6	1
23	12	 2	 7	1	23584931	23586632	7	7	1
23	16	 6	 7	1	23598250	23599997	7	7	1
23	32	 6	 6	1	23606099	23607568	6	6	1
23	8	 6	 7	1	23620528	23621802	7	7	1
23	20	 2	 6	1	23660099	23661771	6	6	1
23	6	 4	 7	1	23667932	23669005	7	7	1
23	9	 7	 6	1	23676215	23677777	6	6	1
24	82	 9	 7	1	1286182	1289511	6	7	0
24	81	 9	 7	1	1298424	1301708	7	7	1
24	83	 9	 7	1	1330659	1332606	6	6	1
24	13	 4	 6	1	1387888	1389347	6	6	1
24	2	 1	 6	1	1405630	1408886	6	6	1
24	11	 2	 7	1	1435998	1438328	7	7	1
24	27	 2	 7	1	1447931	1450617	7	7	1
24	4	 3	 7	1	1459150	1461204	7	7	1
24	32	 7	 6	1	1484828	1486211	6	6	1
24	25	 8	 7	1	1508741	1510148	7	7	1
24	10	 1	 7	1	1529489	1533623	7	7	1
24	1	 8	 7	1	1542032	1545092	7	7	1
24	26	 1	 6	1	1566465	1568873	6	6	1
24	22	 5	 6	1	1586112	1587727	6	6	1
24	20	 3	 6	1	1605152	1607869	6	6	1
24	14	 5	 6	1	1631791	1633692	6	6	1
24	24	 7	 7	1	1648767	1652178	7	7	1
24	6	 5	 7	1	1671299	1673310	7	7	1
24	16	 7	 7	1	1714087	1716471	7	7	1
24	19	 2	 6	1	1734508	1737887	6	6	1
24	31	 6	 7	1	1755200	1757263	7	7	1
24	8	 7	 7	1	1764822	1766422	7	7	1
24	18	 1	 7	1	1778281	1780329	7	7	1
24	9	 8	 6	1	1821694	1824123	6	6	1
24	21	 4	 6	1	1897579	1899341	6	6	1
24	30	 5	 6	1	1906407	1907649	6	6	1
24	29	 4	 6	1	1925148	1926822	6	6	1
24	28	 3	 7	1	1944568	1946541	7	7	1
24	5	 4	 7	1	1953621	1956769	7	7	1
24	15	 6	 6	1	1971179	1973183	6	6	1
24	12	 3	 7	1	1982914	1984766	7	7	1
24	3	 2	 6	1	2004949	2006163	6	6	1
24	7	 6	 6	1	2014033	2016919	6	6	1
24	23	 6	 7	1	2051432	2053028	7	7	1
24	17	 8	 6	1	2063247	2064846	6	6	1
25	81	 9	 7	1	3329805	3333312	7	7	1
25	83	 9	 7	1	3345816	3347286	6	6	1
25	82	 9	 7	1	3353679	3354791	7	7	1
25	19	 3	 6	1	3381376	3384570	6	6	1
25	28	 4	 7	1	3390874	3393038	7	7	1
25	29	 5	 6	1	3412543	3414317	6	6	1
25	21	 5	 6	1	3426920	3428245	6	6	1
25	26	 2	 6	1	3434228	3435463	6	6	1
25	30	 6	 6	1	3441563	3442695	6	6	1
25	18	 2	 7	1	3455456	3457201	7	7	1
25	14	 6	 6	1	3480599	3483050	6	6	1
25	23	 7	 7	1	3488913	3490117	7	7	1
25	13	 5	 6	1	3516088	3517135	6	6	1
25	15	 7	 6	1	3562835	3564029	6	6	1
25	11	 3	 7	1	3585850	3587007	7	7	1
25	5	 5	 7	1	3595032	3596497	7	7	1
25	27	 3	 7	1	3615733	3616861	7	7	1
25	16	 8	 7	1	3622843	3625125	7	7	1
25	8	 8	 7	1	3649745	3651232	7	7	1
25	22	 6	 6	1	3662987	3665361	7	6	0
25	9	 1	 6	1	3678977	3680495	6	6	1
25	24	 8	 7	1	3719924	3721296	7	7	1
25	32	 8	 6	1	3746442	3747739	6	6	1
25	4	 4	 7	1	3753701	3754678	7	7	1
25	7	 7	 6	1	3761053	3762656	6	6	1
25	2	 2	 6	1	3785181	3786639	6	6	1
25	25	 1	 7	1	3793461	3794732	7	7	1
25	1	 1	 7	1	3813454	3814354	7	7	1
25	17	 1	 6	1	3826385	3828016	6	6	1
25	3	 3	 6	1	3858494	3859850	6	6	1
25	6	 6	 7	1	3874335	3877446	7	7	1
25	12	 4	 7	1	3890375	3891613	7	7	1
25	31	 7	 7	1	3903548	3904341	7	7	1
25	10	 2	 7	1	3916086	3917667	7	7	1
25	20	 4	 6	1	3922982	3924357	6	6	1
26	81	 9	 7	1	8784638	8797496	6	7	0
26	82	 9	 7	1	8831118	8834125	7	7	1
26	83	 9	 7	1	8843153	8845102	6	6	1
26	25	 2	 7	1	8876947	8879024	7	7	1
26	29	 6	 6	1	8887585	8890965	7	6	0
26	10	 3	 7	1	8960913	8965234	7	7	1
26	8	 1	 7	1	8977329	8979420	7	7	1
26	2	 3	 6	1	9018762	9021521	6	6	1
26	11	 4	 7	1	9030063	9032846	6	7	0
26	17	 2	 6	1	9041495	9043324	6	6	1
26	5	 6	 7	1	9060373	9065621	7	7	1
26	26	 3	 6	1	9077080	9079121	6	6	1
26	7	 8	 6	1	9094616	9099115	6	6	1
26	1	 2	 7	1	9113904	9117266	6	7	0
26	13	 6	 6	1	9126145	9127785	6	6	1
26	27	 4	 7	1	9141569	9144251	7	7	1
26	3	 4	 6	1	9166409	9170132	6	6	1
26	6	 7	 7	1	9177649	9179536	7	7	1
26	22	 7	 6	1	9195775	9198409	6	6	1
26	12	 5	 7	1	9276304	9281523	7	7	1
26	18	 3	 7	1	9289544	9297490	6	7	0
26	30	 7	 6	1	9318524	9320437	6	6	1
26	16	 1	 7	1	9332412	9334132	6	7	0
26	15	 8	 6	1	9351055	9352665	6	6	1
26	19	 4	 6	1	9382994	9385168	6	6	1
26	20	 5	 6	1	9398916	9400129	6	6	1
26	21	 6	 6	1	9438791	9440595	6	6	1
26	14	 7	 6	1	9457626	9458858	6	6	1
26	23	 8	 7	1	9482124	9484638	7	7	1
26	32	 1	 6	1	9502485	9504356	6	6	1
26	28	 5	 7	1	9517284	9519113	7	7	1
26	31	 8	 7	1	9525910	9527444	7	7	1
26	4	 5	 7	1	9555086	9556470	7	7	1
26	24	 1	 7	1	9598462	9601839	6	7	0
26	9	 2	 6	1	9609401	9611612	6	6	1
27	81	 9	 7	1	10788973	10791060	7	7	1
27	82	 9	 7	1	10814999	10817270	7	7	1
27	83	 9	 7	1	10823913	10825841	6	6	1
27	29	 7	 6	1	10834358	10836205	6	6	1
27	23	 1	 7	1	10843847	10844760	7	7	1
27	25	 3	 7	1	10857673	10858992	7	7	1
27	8	 2	 7	1	10868431	10869830	7	7	1
27	28	 6	 7	1	10877117	10878820	7	7	1
27	1	 3	 7	1	10887372	10889577	7	7	1
27	15	 1	 6	1	10904185	10905636	6	6	1
27	13	 7	 6	1	10915084	10916508	6	6	1
27	26	 4	 6	1	10925670	10931499	7	6	0
27	5	 7	 7	1	10991827	10994146	7	7	1
27	20	 6	 6	1	11012967	11015184	6	6	1
27	17	 3	 6	1	11036053	11041350	6	6	1
27	21	 7	 6	1	11062130	11063634	6	6	1
27	9	 3	 6	1	11072071	11073591	6	6	1
27	32	 2	 6	1	11108753	11110713	6	6	1
27	19	 5	 6	1	11145013	11148725	7	6	0
27	14	 8	 6	1	11158439	11162614	6	6	1
27	6	 8	 7	1	11184718	11187553	7	7	1
27	7	 1	 6	1	11217824	11220668	6	6	1
27	30	 8	 6	1	11232751	11234199	6	6	1
27	11	 5	 7	1	11240832	11242829	7	7	1
27	18	 4	 7	1	11255334	11257671	7	7	1
27	24	 2	 7	1	11295047	11298966	7	7	1
27	2	 4	 6	1	11347930	11350998	6	6	1
27	12	 6	 7	1	11359348	11360869	7	7	1
27	3	 5	 6	1	11384779	11386114	6	6	1
27	16	 2	 7	1	11394167	11395505	7	7	1
27	10	 4	 7	1	11413417	11415157	7	7	1
27	31	 1	 7	1	11431023	11436381	7	7	1
27	27	 5	 7	1	11452395	11453898	7	7	1
27	22	 8	 6	1	11534201	11536560	6	6	1
27	4	 6	 7	1	11559250	11560160	7	7	1
28	81	 9	 7	1	12453890	12457047	7	7	1
28	82	 9	 7	1	12464290	12468000	7	7	1
28	83	 9	 7	1	12482481	12486530	6	6	1
28	24	 3	 7	1	12499112	12501624	7	7	1
28	31	 2	 7	1	12538549	12541875	7	7	1
28	25	 4	 7	1	12555125	12556567	7	7	1
28	11	 6	 7	1	12562437	12565238	7	7	1
28	6	 1	 7	1	12637007	12638938	7	7	1
28	17	 4	 6	1	12668712	12670257	6	6	1
28	7	 2	 6	1	12700883	12702923	6	6	1
28	8	 3	 7	1	12719879	12721993	7	7	1
28	21	 8	 6	1	12730468	12731898	6	6	1
28	26	 5	 6	1	12738461	12740125	6	6	1
28	20	 7	 6	1	12751589	12753962	6	6	1
28	2	 5	 6	1	12762916	12765153	6	6	1
28	9	 4	 6	1	12771031	12772618	6	6	1
28	4	 7	 7	1	12787768	12788811	7	7	1
28	19	 6	 6	1	12810785	12811575	6	6	1
28	10	 5	 7	1	12821567	12824210	7	7	1
28	28	 7	 7	1	12836164	12838509	7	7	1
28	14	 1	 6	1	12858465	12861030	6	6	1
28	16	 3	 7	1	12904280	12906258	7	7	1
28	1	 4	 7	1	12932137	12933693	7	7	1
28	29	 8	 6	1	12945786	12947344	6	6	1
28	13	 8	 6	1	12954766	12956334	6	6	1
28	18	 5	 7	1	12979942	12981845	7	7	1
28	5	 8	 7	1	12987676	12989339	7	7	1
28	12	 7	 7	1	12994733	12996353	7	7	1
28	30	 1	 6	1	13008104	13009840	6	6	1
28	3	 6	 6	1	13028640	13029726	6	6	1
28	15	 2	 6	1	13040951	13042532	6	6	1
28	23	 2	 7	1	13057738	13059176	7	7	1
28	32	 3	 6	1	13065429	13066928	6	6	1
28	22	 1	 6	1	13083407	13084793	6	6	1
28	27	 6	 7	1	13091450	13092692	7	7	1
29	82	 9	 7	1	15593134	15600821	6	7	0
29	83	 9	 7	1	15625083	15627871	6	6	1
29	81	 9	 7	1	15643959	15646363	7	7	1
29	24	 4	 7	1	15656022	15658320	7	7	1
29	26	 6	 6	1	15677566	15679862	6	6	1
29	5	 1	 7	1	15698011	15700979	7	7	1
29	17	 5	 6	1	15711777	15713712	6	6	1
29	25	 5	 7	1	15726297	15729371	7	7	1
29	2	 6	 6	1	15740982	15744145	6	6	1
29	23	 3	 7	1	15788430	15789559	7	7	1
29	8	 4	 7	1	15800594	15802729	7	7	1
29	29	 1	 6	1	15821755	15824766	6	6	1
29	6	 2	 7	1	15865652	15868652	7	7	1
29	18	 6	 7	1	15886128	15887844	6	7	0
29	12	 8	 7	1	15897841	15900462	7	7	1
29	4	 8	 7	1	16008277	16011844	7	7	1
29	19	 7	 6	1	16034859	16036555	6	6	1
29	1	 5	 7	1	16050263	16053616	6	7	0
29	32	 4	 6	1	16070694	16072662	6	6	1
29	13	 1	 6	1	16085326	16087148	6	6	1
29	20	 8	 6	1	16103686	16104988	6	6	1
29	9	 5	 6	1	16121426	16124378	6	6	1
29	15	 3	 6	1	16148190	16150127	6	6	1
29	16	 4	 7	1	16157315	16159633	7	7	1
29	27	 7	 7	1	16166090	16167613	7	7	1
29	30	 2	 6	1	16182346	16185209	6	6	1
29	10	 6	 7	1	16192929	16195027	7	7	1
29	11	 7	 7	1	16201397	16203726	7	7	1
29	21	 1	 6	1	16250503	16252404	6	6	1
29	7	 3	 6	1	16281253	16283817	6	6	1
29	22	 2	 6	1	16298328	16300231	6	6	1
29	14	 2	 6	1	16322497	16324228	6	6	1
29	31	 3	 7	1	16341316	16343734	7	7	1
29	3	 7	 6	1	16355632	16357287	6	6	1
29	28	 8	 7	1	16384194	16386261	7	7	1
30	83	 9	 7	1	16773833	16778268	6	6	1
30	81	 9	 7	1	16797839	16801585	7	7	1
30	82	 9	 7	1	16839390	16841136	7	7	1
30	5	 2	 7	1	16921174	16924630	7	7	1
30	11	 8	 7	1	16962656	16964331	6	7	0
30	29	 2	 6	1	16991731	16996679	6	6	1
30	25	 6	 7	1	17020078	17022433	7	7	1
30	26	 7	 6	1	17037381	17039425	6	6	1
30	17	 6	 6	1	17077461	17078934	6	6	1
30	22	 3	 6	1	17089572	17091643	6	6	1
30	6	 3	 7	1	17112823	17114538	7	7	1
30	27	 8	 7	1	17135939	17137842	7	7	1
30	8	 5	 7	1	17146219	17147948	7	7	1
30	31	 4	 7	1	17158864	17162836	7	7	1
30	3	 8	 6	1	17187351	17189503	6	6	1
30	18	 7	 7	1	17199378	17201273	7	7	1
30	2	 7	 6	1	17224601	17226893	6	6	1
30	16	 5	 7	1	17235325	17237335	7	7	1
30	10	 7	 7	1	17264340	17266371	7	7	1
30	7	 4	 6	1	17284976	17287380	6	6	1
30	23	 4	 7	1	17317698	17319007	7	7	1
30	13	 2	 6	1	17344051	17346346	6	6	1
30	15	 4	 6	1	17360529	17362879	6	6	1
30	14	 3	 6	1	17408008	17410604	6	6	1
30	19	 8	 6	1	17434857	17437008	6	6	1
30	1	 6	 7	1	17454859	17457410	7	7	1
30	20	 1	 6	1	17464602	17466642	6	6	1
30	24	 5	 7	1	17486260	17488836	7	7	1
30	21	 2	 6	1	17505987	17507924	6	6	1
30	4	 1	 7	1	17515169	17516368	7	7	1
30	28	 1	 7	1	17531708	17533778	7	7	1
30	30	 3	 6	1	17566112	17567524	6	6	1
30	12	 1	 7	1	17600001	17602348	7	7	1
30	32	 5	 6	1	17619199	17621119	6	6	1
30	9	 6	 6	1	17638878	17641793	6	6	1
31	82	 9	 7	1	17946330	17948624	7	7	1
31	83	 9	 7	1	17964172	17966210	6	6	1
31	81	 9	 7	1	17979724	17981081	7	7	1
31	14	 4	 6	1	17998114	18000693	6	6	1
31	11	 1	 7	1	18008885	18010383	7	7	1
31	7	 5	 6	1	18035376	18038173	6	6	1
31	13	 3	 6	1	18056743	18058260	6	6	1
31	21	 3	 6	1	18073992	18075588	6	6	1
31	10	 8	 7	1	18108883	18110912	7	7	1
31	27	 1	 7	1	18129702	18132020	7	7	1
31	26	 8	 6	1	18140414	18142587	6	6	1
31	8	 6	 7	1	18164056	18166138	7	7	1
31	1	 7	 7	1	18180152	18181978	7	7	1
31	22	 4	 6	1	18189547	18194022	6	6	1
31	24	 6	 7	1	18236892	18238774	7	7	1
31	9	 7	 6	1	18246859	18248823	6	6	1
31	25	 7	 7	1	18256898	18258353	7	7	1
31	2	 8	 6	1	18272918	18274743	6	6	1
31	12	 2	 7	1	18319250	18321085	7	7	1
31	17	 7	 6	1	18326889	18328953	6	6	1
31	31	 5	 7	1	18335831	18337715	7	7	1
31	6	 4	 7	1	18374783	18378650	7	7	1
31	3	 1	 6	1	18427675	18429189	6	6	1
31	28	 2	 7	1	18435758	18437453	7	7	1
31	16	 6	 7	1	18447581	18449046	7	7	1
31	4	 2	 7	1	18459012	18460146	7	7	1
31	29	 3	 6	1	18466120	18468103	6	6	1
31	15	 5	 6	1	18477902	18479651	6	6	1
31	18	 8	 7	1	18490610	18493764	7	7	1
31	19	 1	 6	1	18499126	18502675	6	6	1
31	23	 5	 7	1	18514135	18516003	7	7	1
31	32	 6	 6	1	18521750	18523161	6	6	1
31	5	 3	 7	1	18534293	18536245	7	7	1
31	30	 4	 6	1	18550529	18552352	6	6	1
31	20	 2	 6	1	18563547	18565166	6	6	1
32	82	 9	 7	1	19500408	19504861	7	7	1
32	83	 9	 7	1	19517837	19520349	6	6	1
32	81	 9	 7	1	19529503	19531258	7	7	1
32	29	 4	 6	1	19540788	19542218	6	6	1
32	17	 8	 6	1	19552905	19554889	6	6	1
32	7	 6	 6	1	19564680	19567921	7	6	0
32	6	 5	 7	1	19578801	19581595	7	7	1
32	2	 1	 6	1	19590632	19592070	6	6	1
32	10	 1	 7	1	19608326	19610394	7	7	1
32	5	 4	 7	1	19637424	19639875	7	7	1
32	24	 7	 7	1	19649272	19650739	7	7	1
32	4	 3	 7	1	19668730	19669936	7	7	1
32	32	 7	 6	1	19699585	19701300	6	6	1
32	12	 3	 7	1	19727896	19729431	7	7	1
32	16	 7	 7	1	19745948	19747562	7	7	1
32	1	 8	 7	1	19754137	19755798	7	7	1
32	25	 8	 7	1	19788662	19789674	7	7	1
32	22	 5	 6	1	19805838	19807376	6	6	1
32	18	 1	 7	1	19836931	19838297	7	7	1
32	21	 4	 6	1	19846870	19848132	6	6	1
32	13	 4	 6	1	19858415	19859555	6	6	1
32	3	 2	 6	1	19867060	19868611	6	6	1
32	31	 6	 7	1	19921510	19925408	7	7	1
32	28	 3	 7	1	19932874	19934254	7	7	1
32	27	 2	 7	1	19941910	19942765	6	7	0
32	9	 8	 6	1	19964509	19965803	6	6	1
32	14	 5	 6	1	19975120	19976556	7	6	0
32	20	 3	 6	1	19995328	19998177	6	6	1
32	30	 5	 6	1	20036444	20037552	6	6	1
32	11	 2	 7	1	20044598	20047410	6	7	0
32	23	 6	 7	1	20058419	20059475	7	7	1
32	19	 2	 6	1	20066874	20069149	7	6	0
32	26	 1	 6	1	20094523	20095520	6	6	1
32	8	 7	 7	1	20103600	20104830	7	7	1
32	15	 6	 6	1	20136249	20137879	6	6	1
33	82	 9	 7	1	3048607	3053923	7	7	1
33	81	 9	 7	1	3063181	3068981	6	7	0
33	83	 9	 7	1	3085264	3087839	6	6	1
33	8	 8	 7	1	3110928	3114555	7	7	1
33	31	 7	 7	1	3177516	3180053	7	7	1
33	27	 3	 7	1	3197568	3200065	7	7	1
33	13	 5	 6	1	3207683	3210531	6	6	1
33	11	 3	 7	1	3239711	3242336	7	7	1
33	9	 1	 6	1	3260336	3264627	6	6	1
33	21	 5	 6	1	3274045	3276354	6	6	1
33	16	 8	 7	1	3283818	3285910	7	7	1
33	18	 2	 7	1	3309178	3312273	7	7	1
33	32	 8	 6	1	3345169	3348419	6	6	1
33	25	 1	 7	1	3366292	3369979	7	7	1
33	12	 4	 7	1	3382677	3384852	7	7	1
33	24	 8	 7	1	3418962	3421005	7	7	1
33	20	 4	 6	1	3462522	3468189	6	6	1
33	7	 7	 6	1	3474573	3478895	6	6	1
33	17	 1	 6	1	3486227	3488255	6	6	1
33	3	 3	 6	1	3503859	3505370	6	6	1
33	15	 7	 6	1	3517336	3519331	6	6	1
33	30	 6	 6	1	3527670	3528931	6	6	1
33	2	 2	 6	1	3556035	3558323	6	6	1
33	22	 6	 6	1	3566746	3568669	6	6	1
33	23	 7	 7	1	3583620	3585539	7	7	1
33	28	 4	 7	1	3593495	3595578	7	7	1
33	26	 2	 6	1	3636824	3639099	6	6	1
33	10	 2	 7	1	3647074	3649834	7	7	1
33	4	 4	 7	1	3717532	3718719	7	7	1
33	19	 3	 6	1	3727827	3730574	7	6	0
33	6	 6	 7	1	3749009	3752152	7	7	1
33	29	 5	 6	1	3776116	3782122	7	6	0
33	1	 1	 7	1	3794317	3796632	7	7	1
33	14	 6	 6	1	3805129	3806872	7	6	0
33	5	 5	 7	1	3838311	3840660	7	7	1
34	83	 9	 7	1	9889948	9893515	6	6	1
34	82	 9	 7	1	9918376	9920523	7	7	1
34	81	 9	 7	1	9940650	9942880	7	7	1
34	13	 6	 6	1	9950419	9952522	6	6	1
34	20	 5	 6	1	9987010	9989592	6	6	1
34	7	 8	 6	1	10124415	10129330	6	6	1
34	11	 4	 7	1	10175628	10177408	6	7	0
34	30	 7	 6	1	10188371	10190066	6	6	1
34	21	 6	 6	1	10196813	10199018	6	6	1
34	28	 5	 7	1	10218699	10221528	7	7	1
34	14	 7	 6	1	10258155	10260403	6	6	1
34	5	 6	 7	1	10348355	10351768	7	7	1
34	10	 3	 7	1	10362006	10364520	7	7	1
34	18	 3	 7	1	10386388	10390898	7	7	1
34	19	 4	 6	1	10406172	10410027	6	6	1
34	1	 2	 7	1	10426162	10428062	7	7	1
34	15	 8	 6	1	10444130	10446318	6	6	1
34	24	 1	 7	1	10458016	10461299	7	7	1
34	17	 2	 6	1	10468581	10470623	6	6	1
34	6	 7	 7	1	10488375	10491156	7	7	1
34	22	 7	 6	1	10535936	10537825	6	6	1
34	3	 4	 6	1	10546193	10547743	6	6	1
34	27	 4	 7	1	10566580	10568128	7	7	1
34	25	 2	 7	1	10581818	10583251	7	7	1
34	8	 1	 7	1	10593486	10595442	7	7	1
34	32	 1	 6	1	10602658	10603789	6	6	1
34	31	 8	 7	1	10661663	10663121	7	7	1
34	29	 6	 6	1	10676044	10677508	6	6	1
34	2	 3	 6	1	10688498	10690425	6	6	1
34	12	 5	 7	1	10706100	10707828	7	7	1
34	23	 8	 7	1	10733755	10735034	7	7	1
34	26	 3	 6	1	10743919	10746144	6	6	1
34	9	 2	 6	1	10757280	10759322	6	6	1
34	4	 5	 7	1	10766911	10767920	7	7	1
34	16	 1	 7	1	10777188	10778939	7	7	1
35	81	 9	 7	1	11877406	11879537	7	7	1
35	82	 9	 7	1	11891490	11893650	7	7	1
35	83	 9	 7	1	11920191	11922494	6	6	1
35	19	 5	 6	1	11941296	11944852	6	6	1
35	12	 6	 7	1	11965283	11967046	7	7	1
35	20	 6	 6	1	11982877	11984963	6	6	1
35	22	 8	 6	1	12010405	12012567	6	6	1
35	1	 3	 7	1	12022990	12024721	7	7	1
35	5	 7	 7	1	12043363	12046032	7	7	1
35	3	 5	 6	1	12054586	12056949	6	6	1
35	7	 1	 6	1	12069278	12073329	6	6	1
35	11	 5	 7	1	12104696	12107178	7	7	1
35	30	 8	 6	1	12123698	12125452	6	6	1
35	4	 6	 7	1	12139794	12141123	7	7	1
35	9	 3	 6	1	12168901	12171678	7	6	0
35	21	 7	 6	1	12229199	12231365	6	6	1
35	6	 8	 7	1	12259524	12261179	7	7	1
35	32	 2	 6	1	12278136	12280075	6	6	1
35	27	 5	 7	1	12315045	12316577	7	7	1
35	15	 1	 6	1	12325416	12328584	6	6	1
35	18	 4	 7	1	12353934	12356083	7	7	1
35	29	 7	 6	1	12372310	12373910	6	6	1
35	8	 2	 7	1	12393500	12395159	7	7	1
35	24	 2	 7	1	12460415	12463465	7	7	1
35	2	 4	 6	1	12509114	12511114	6	6	1
35	10	 4	 7	1	12518113	12519536	7	7	1
35	23	 1	 7	1	12525914	12527350	7	7	1
35	17	 3	 6	1	12552896	12554387	6	6	1
35	25	 3	 7	1	12567093	12568496	7	7	1
35	26	 4	 6	1	12624508	12626313	6	6	1
35	31	 1	 7	1	12635635	12636759	7	7	1
35	16	 2	 7	1	12645786	12647262	7	7	1
35	13	 7	 6	1	12665614	12667769	6	6	1
35	14	 8	 6	1	12695871	12697963	6	6	1
35	28	 6	 7	1	12712544	12713683	7	7	1
36	81	 9	 7	1	3270196	3272872	7	7	1
36	83	 9	 7	1	3288863	3290881	6	6	1
36	82	 9	 7	1	3298099	3302821	6	7	0
36	14	 1	 6	1	3361831	3364437	6	6	1
36	26	 5	 6	1	3371238	3373404	6	6	1
36	18	 5	 7	1	3380313	3382509	7	7	1
36	4	 7	 7	1	3388739	3394120	7	7	1
36	6	 1	 7	1	3408347	3412532	7	7	1
36	24	 3	 7	1	3420150	3423235	7	7	1
36	29	 8	 6	1	3429669	3431000	6	6	1
36	32	 3	 6	1	3439403	3440815	6	6	1
36	19	 6	 6	1	3447193	3451051	6	6	1
36	17	 4	 6	1	3476258	3478542	6	6	1
36	1	 4	 7	1	3485578	3488121	7	7	1
36	11	 6	 7	1	3506171	3509157	7	7	1
36	27	 6	 7	1	3518851	3520988	7	7	1
36	7	 2	 6	1	3547190	3549387	6	6	1
36	21	 8	 6	1	3556485	3558316	6	6	1
36	22	 1	 6	1	3564919	3566236	7	6	0
36	31	 2	 7	1	3579029	3585773	6	7	0
36	15	 2	 6	1	3591962	3594166	6	6	1
36	3	 6	 6	1	3635446	3636955	6	6	1
36	9	 4	 6	1	3664682	3666404	6	6	1
36	23	 2	 7	1	3671794	3673087	7	7	1
36	20	 7	 6	1	3698924	3700533	6	6	1
36	12	 7	 7	1	3722289	3724191	7	7	1
36	25	 4	 7	1	3741918	3743703	7	7	1
36	13	 8	 6	1	3749804	3751085	6	6	1
36	30	 1	 6	1	3756905	3758230	6	6	1
36	2	 5	 6	1	3809652	3812358	6	6	1
36	10	 5	 7	1	3824906	3826546	7	7	1
36	28	 7	 7	1	3842804	3845620	7	7	1
36	8	 3	 7	1	3851517	3853201	7	7	1
36	5	 8	 7	1	3862724	3864657	7	7	1
36	16	 3	 7	1	3899863	3901368	7	7	1
37	81	 9	 7	1	352672	356340	7	7	1
37	82	 9	 7	1	391882	393928	7	7	1
37	83	 9	 7	1	412485	413797	6	6	1
37	9	 5	 6	1	453196	458076	6	6	1
37	24	 4	 7	1	487707	490802	6	7	0
37	20	 8	 6	1	501297	502734	6	6	1
37	15	 3	 6	1	523088	525625	6	6	1
37	28	 8	 7	1	534611	536250	7	7	1
37	17	 5	 6	1	554357	557048	6	6	1
37	22	 2	 6	1	567887	569025	6	6	1
37	30	 2	 6	1	581398	582468	6	6	1
37	32	 4	 6	1	597669	598738	6	6	1
37	19	 7	 6	1	625138	632648	6	6	1
37	7	 3	 6	1	639528	642142	6	6	1
37	2	 6	 6	1	658708	659921	6	6	1
37	11	 7	 7	1	672675	675224	6	7	0
37	26	 6	 6	1	688918	690273	6	6	1
37	5	 1	 7	1	741885	743908	7	7	1
37	27	 7	 7	1	771668	774762	6	7	0
37	8	 4	 7	1	791815	794514	7	7	1
37	25	 5	 7	1	802923	806152	7	7	1
37	18	 6	 7	1	871898	875500	6	7	0
37	3	 7	 6	1	892326	894742	7	6	0
37	13	 1	 6	1	910126	912044	6	6	1
37	23	 3	 7	1	926312	927562	7	7	1
37	31	 3	 7	1	941236	942661	7	7	1
37	21	 1	 6	1	949294	950545	6	6	1
37	6	 2	 7	1	973078	974211	7	7	1
37	4	 8	 7	1	980118	981750	7	7	1
37	12	 8	 7	1	1009663	1012227	7	7	1
37	29	 1	 6	1	1018217	1020369	6	6	1
37	16	 4	 7	1	1026058	1026826	7	7	1
37	1	 5	 7	1	1033542	1035513	7	7	1
37	14	 2	 6	1	1043395	1045208	7	6	0
37	10	 6	 7	1	1070789	1071800	7	7	1
38	82	 9	 7	1	1440804	1442988	7	7	1
38	83	 9	 7	1	1466654	1467685	6	6	1
38	81	 9	 7	1	1474377	1475695	7	7	1
38	24	 5	 7	1	1511178	1512508	7	7	1
38	18	 7	 7	1	1519562	1520707	7	7	1
38	17	 6	 6	1	1535626	1536971	6	6	1
38	25	 6	 7	1	1544289	1545621	7	7	1
38	3	 8	 6	1	1551869	1553274	6	6	1
38	26	 7	 6	1	1561669	1563002	6	6	1
38	16	 5	 7	1	1584438	1586121	7	7	1
38	29	 2	 6	1	1605605	1607572	7	6	0
38	13	 2	 6	1	1614074	1615910	6	6	1
38	11	 8	 7	1	1624818	1627379	7	7	1
38	8	 5	 7	1	1635824	1637144	7	7	1
38	6	 3	 7	1	1647067	1648470	7	7	1
38	5	 2	 7	1	1662794	1664798	7	7	1
38	20	 1	 6	1	1688350	1690641	6	6	1
38	22	 3	 6	1	1711992	1713448	6	6	1
38	10	 7	 7	1	1752158	1753788	7	7	1
38	27	 8	 7	1	1769423	1770637	7	7	1
38	14	 3	 6	1	1791512	1793567	6	6	1
38	12	 1	 7	1	1823342	1824910	7	7	1
38	2	 7	 6	1	1832370	1834397	6	6	1
38	7	 4	 6	1	1878942	1882633	7	6	0
38	15	 4	 6	1	1897490	1898981	6	6	1
38	1	 6	 7	1	1905651	1906792	7	7	1
38	28	 1	 7	1	1927381	1928734	7	7	1
38	21	 2	 6	1	1957855	1959418	6	6	1
38	4	 1	 7	1	1970671	1971829	7	7	1
38	31	 4	 7	1	2020632	2021811	7	7	1
38	23	 4	 7	1	2032717	2033919	7	7	1
38	32	 5	 6	1	2044944	2045979	6	6	1
38	30	 3	 6	1	2088068	2089233	6	6	1
38	9	 6	 6	1	2108801	2109960	6	6	1
38	19	 8	 6	1	2120454	2122829	6	6	1
39	83	 9	 7	1	2470527	2473351	6	6	1
39	81	 9	 7	1	2480452	2481924	7	7	1
39	82	 9	 7	1	2494149	2496584	7	7	1
39	19	 1	 6	1	2509087	2511520	6	6	1
39	27	 1	 7	1	2518082	2520142	7	7	1
39	24	 6	 7	1	2526059	2529263	7	7	1
39	32	 6	 6	1	2540463	2542452	6	6	1
39	13	 3	 6	1	2559027	2560736	6	6	1
39	16	 6	 7	1	2570800	2572181	7	7	1
39	25	 7	 7	1	2592203	2593756	7	7	1
39	8	 6	 7	1	2600032	2602463	7	7	1
39	26	 8	 6	1	2618205	2620247	6	6	1
39	23	 5	 7	1	2626743	2628216	7	7	1
39	10	 8	 7	1	2645537	2647819	7	7	1
39	29	 3	 6	1	2678533	2680121	6	6	1
39	21	 3	 6	1	2685601	2687281	6	6	1
39	20	 2	 6	1	2693327	2695351	6	6	1
39	2	 8	 6	1	2702565	2704598	6	6	1
39	28	 2	 7	1	2721367	2723154	7	7	1
39	9	 7	 6	1	2753294	2755133	6	6	1
39	1	 7	 7	1	2774925	2776637	7	7	1
39	30	 4	 6	1	2782573	2783763	6	6	1
39	22	 4	 6	1	2824330	2825723	6	6	1
39	15	 5	 6	1	2832694	2833979	6	6	1
39	11	 1	 7	1	2844767	2846952	6	7	0
39	3	 1	 6	1	2862617	2864035	6	6	1
39	18	 8	 7	1	2870283	2871542	7	7	1
39	7	 5	 6	1	2887459	2889752	6	6	1
39	14	 4	 6	1	2934193	2935890	6	6	1
39	12	 2	 7	1	2947068	2948834	7	7	1
39	4	 2	 7	1	2954178	2955841	7	7	1
39	5	 3	 7	1	2962836	2964501	7	7	1
39	6	 4	 7	1	2970475	2973460	7	7	1
39	17	 7	 6	1	2979270	2980841	6	6	1
39	31	 5	 7	1	2993357	2994698	6	7	0
40	82	 9	 7	1	3537582	3540052	7	7	1
40	81	 9	 7	1	3546668	3549189	7	7	1
40	83	 9	 7	1	3567633	3569062	6	6	1
40	10	 1	 7	1	3583969	3586448	7	7	1
40	27	 2	 7	1	3624994	3627501	7	7	1
40	14	 5	 6	1	3636021	3639548	6	6	1
40	19	 2	 6	1	3681375	3684239	7	6	0
40	21	 4	 6	1	3740813	3743444	6	6	1
40	29	 4	 6	1	3755412	3757794	6	6	1
40	20	 3	 6	1	3820326	3822709	6	6	1
40	9	 8	 6	1	3845929	3847541	6	6	1
40	18	 1	 7	1	3854420	3858043	7	7	1
40	30	 5	 6	1	3866698	3867995	6	6	1
40	6	 5	 7	1	3890995	3893212	7	7	1
40	5	 4	 7	1	3901935	3904206	7	7	1
40	2	 1	 6	1	3958278	3960489	6	6	1
40	31	 6	 7	1	3969452	3973307	7	7	1
40	22	 5	 6	1	3990541	3993660	6	6	1
40	28	 3	 7	1	4006250	4008771	7	7	1
40	11	 2	 7	1	4021300	4023756	7	7	1
40	12	 3	 7	1	4071029	4074140	7	7	1
40	8	 7	 7	1	4085778	4089490	7	7	1
40	24	 7	 7	1	4108747	4111223	7	7	1
40	16	 7	 7	1	4117664	4120152	7	7	1
40	4	 3	 7	1	4127567	4130551	7	7	1
40	1	 8	 7	1	4158572	4161475	7	7	1
40	32	 7	 6	1	4168437	4170297	6	6	1
40	3	 2	 6	1	4176780	4179545	6	6	1
40	13	 4	 6	1	4186549	4188507	6	6	1
40	7	 6	 6	1	4203457	4206770	6	6	1
40	17	 8	 6	1	4215392	4217133	6	6	1
40	25	 8	 7	1	4236015	4237923	7	7	1
40	15	 6	 6	1	4245207	4247291	6	6	1
40	23	 6	 7	1	4253731	4255346	7	7	1
40	26	 1	 6	1	4269356	4272056	6	6	1
41	81	 9	 7	1	4653445	4654925	7	7	1
41	83	 9	 7	1	4661349	4662584	6	6	1
41	82	 9	 7	1	4673810	4674917	7	7	1
41	8	 8	 7	1	4685551	4686775	7	7	1
41	12	 4	 7	1	4692929	4694233	7	7	1
41	28	 4	 7	1	4700391	4701943	7	7	1
41	3	 3	 6	1	4720589	4721821	6	6	1
41	21	 5	 6	1	4733867	4735207	6	6	1
41	30	 6	 6	1	4742080	4743223	6	6	1
41	24	 8	 7	1	4789341	4790908	7	7	1
41	23	 7	 7	1	4803117	4804338	7	7	1
41	27	 3	 7	1	4810670	4812140	7	7	1
41	4	 4	 7	1	4818018	4819252	7	7	1
41	7	 7	 6	1	4831112	4832762	6	6	1
41	18	 2	 7	1	4838624	4839626	7	7	1
41	5	 5	 7	1	4873380	4875323	7	7	1
41	26	 2	 6	1	4891777	4892926	6	6	1
41	22	 6	 6	1	4898805	4900452	7	6	0
41	14	 6	 6	1	4947300	4948774	6	6	1
41	10	 2	 7	1	4954590	4956131	7	7	1
41	6	 6	 7	1	4962111	4963103	7	7	1
41	19	 3	 6	1	4985577	4987243	6	6	1
41	31	 7	 7	1	4999339	5000743	7	7	1
41	20	 4	 6	1	5024727	5025963	6	6	1
41	13	 5	 6	1	5038174	5039310	6	6	1
41	32	 8	 6	1	5045158	5046376	6	6	1
41	25	 1	 7	1	5052545	5054130	7	7	1
41	9	 1	 6	1	5094538	5095983	6	6	1
41	17	 1	 6	1	5106287	5107463	6	6	1
41	16	 8	 7	1	5124182	5126166	7	7	1
41	11	 3	 7	1	5131389	5132886	7	7	1
41	1	 1	 7	1	5151471	5153108	7	7	1
41	2	 2	 6	1	5172981	5174056	6	6	1
41	15	 7	 6	1	5209786	5210673	6	6	1
41	29	 5	 6	1	5228309	5229555	6	6	1
42	81	 9	 7	1	1302145	1305696	6	7	0
42	82	 9	 7	1	1316034	1318074	7	7	1
42	83	 9	 7	1	1334843	1336512	6	6	1
42	2	 3	 6	1	1343650	1347170	6	6	1
42	3	 4	 6	1	1361924	1364644	6	6	1
42	28	 5	 7	1	1387084	1389832	7	7	1
42	32	 1	 6	1	1397154	1399169	6	6	1
42	11	 4	 7	1	1421741	1426548	6	7	0
42	7	 8	 6	1	1443392	1446159	6	6	1
42	5	 6	 7	1	1461328	1463946	7	7	1
42	8	 1	 7	1	1505698	1508003	7	7	1
42	14	 7	 6	1	1517257	1520360	7	6	0
42	4	 5	 7	1	1529148	1530833	7	7	1
42	16	 1	 7	1	1541062	1542879	7	7	1
42	29	 6	 6	1	1549959	1552173	6	6	1
42	9	 2	 6	1	1578822	1581038	6	6	1
42	17	 2	 6	1	1596780	1598708	6	6	1
42	1	 2	 7	1	1612016	1613504	7	7	1
42	23	 8	 7	1	1625653	1627493	7	7	1
42	15	 8	 6	1	1639480	1642083	6	6	1
42	22	 7	 6	1	1656569	1658607	6	6	1
42	20	 5	 6	1	1684946	1687175	6	6	1
42	12	 5	 7	1	1705624	1707814	7	7	1
42	21	 6	 6	1	1719657	1721947	6	6	1
42	19	 4	 6	1	1728517	1732448	6	6	1
42	10	 3	 7	1	1745641	1747867	7	7	1
42	30	 7	 6	1	1768955	1770533	6	6	1
42	13	 6	 6	1	1796336	1797849	6	6	1
42	26	 3	 6	1	1805840	1807392	6	6	1
42	6	 7	 7	1	1821000	1822966	7	7	1
42	25	 2	 7	1	1835297	1836745	7	7	1
42	18	 3	 7	1	1846516	1848240	7	7	1
42	27	 4	 7	1	1876717	1878488	7	7	1
42	24	 1	 7	1	1895079	1896979	7	7	1
42	31	 8	 7	1	1951585	1953174	7	7	1
43	82	 9	 7	1	6074157	6076820	6	7	0
43	81	 9	 7	1	6088078	6089115	7	7	1
43	83	 9	 7	1	6095128	6096204	6	6	1
43	3	 5	 6	1	6138061	6139349	6	6	1
43	30	 8	 6	1	6145451	6146782	6	6	1
43	23	 1	 7	1	6158011	6159845	7	7	1
43	7	 1	 6	1	6167424	6168657	6	6	1
43	29	 7	 6	1	6176788	6178996	6	6	1
43	5	 7	 7	1	6185579	6187547	7	7	1
43	26	 4	 6	1	6194810	6197159	6	6	1
43	10	 4	 7	1	6215420	6216831	7	7	1
43	15	 1	 6	1	6223520	6224676	6	6	1
43	12	 6	 7	1	6241552	6243059	7	7	1
43	4	 6	 7	1	6249615	6250947	7	7	1
43	8	 2	 7	1	6256932	6260973	7	7	1
43	19	 5	 6	1	6277484	6280715	6	6	1
43	28	 6	 7	1	6291506	6293265	7	7	1
43	9	 3	 6	1	6307361	6308527	6	6	1
43	20	 6	 6	1	6319210	6321324	6	6	1
43	13	 7	 6	1	6333251	6334313	6	6	1
43	22	 8	 6	1	6340570	6341487	6	6	1
43	31	 1	 7	1	6353498	6354398	7	7	1
43	18	 4	 7	1	6406229	6409763	6	7	0
43	11	 5	 7	1	6437127	6438669	7	7	1
43	25	 3	 7	1	6486023	6487539	7	7	1
43	24	 2	 7	1	6498860	6500984	7	7	1
43	27	 5	 7	1	6511896	6513070	7	7	1
43	32	 2	 6	1	6524989	6526207	6	6	1
43	17	 3	 6	1	6557244	6558294	6	6	1
43	1	 3	 7	1	6569715	6571412	7	7	1
43	2	 4	 6	1	6583979	6585327	6	6	1
43	21	 7	 6	1	6595391	6596502	6	6	1
43	6	 8	 7	1	6602826	6603968	7	7	1
43	16	 2	 7	1	6611567	6614000	6	7	0
43	14	 8	 6	1	6625349	6627099	6	6	1
44	83	 9	 7	1	7643034	7645633	6	6	1
44	82	 9	 7	1	7658888	7661002	7	7	1
44	81	 9	 7	1	7675725	7677028	7	7	1
44	27	 6	 7	1	7685831	7687668	7	7	1
44	28	 7	 7	1	7697171	7699044	7	7	1
44	26	 5	 6	1	7761579	7764543	6	6	1
44	10	 5	 7	1	7772670	7774287	7	7	1
44	18	 5	 7	1	7784141	7786776	7	7	1
44	13	 8	 6	1	7837710	7839639	6	6	1
44	11	 6	 7	1	7861035	7863052	7	7	1
44	16	 3	 7	1	7879197	7880623	7	7	1
44	2	 5	 6	1	7900621	7906044	7	6	0
44	4	 7	 7	1	7921811	7923597	7	7	1
44	9	 4	 6	1	7931861	7933518	6	6	1
44	7	 2	 6	1	7971610	7974390	6	6	1
44	24	 3	 7	1	7984439	7988650	7	7	1
44	3	 6	 6	1	8021991	8023756	6	6	1
44	5	 8	 7	1	8031074	8033647	7	7	1
44	15	 2	 6	1	8041580	8043390	6	6	1
44	8	 3	 7	1	8051362	8053274	7	7	1
44	14	 1	 6	1	8074570	8076790	6	6	1
44	29	 8	 6	1	8085146	8088283	7	6	0
44	32	 3	 6	1	8095583	8096868	6	6	1
44	25	 4	 7	1	8143314	8144998	7	7	1
44	17	 4	 6	1	8159986	8164560	7	6	0
44	23	 2	 7	1	8183419	8184805	7	7	1
44	12	 7	 7	1	8196005	8198906	7	7	1
44	20	 7	 6	1	8209116	8210532	6	6	1
44	22	 1	 6	1	8216983	8219394	6	6	1
44	30	 1	 6	1	8227826	8229139	6	6	1
44	19	 6	 6	1	8240740	8244005	6	6	1
44	21	 8	 6	1	8255972	8257768	6	6	1
44	31	 2	 7	1	8271225	8274121	7	7	1
44	6	 1	 7	1	8300964	8304937	7	7	1
44	1	 4	 7	1	8316113	8319471	7	7	1
45	81	 9	 7	1	12224141	12226284	6	7	0
45	83	 9	 7	1	12276154	12277851	6	6	1
45	82	 9	 7	1	12295736	12297464	7	7	1
45	11	 7	 7	1	12305561	12308109	7	7	1
45	2	 6	 6	1	12327881	12329858	6	6	1
45	25	 5	 7	1	12341590	12342712	7	7	1
45	29	 1	 6	1	12351363	12353202	6	6	1
45	5	 1	 7	1	12360406	12361872	7	7	1
45	32	 4	 6	1	12386738	12387892	6	6	1
45	17	 5	 6	1	12418260	12419429	6	6	1
45	22	 2	 6	1	12446180	12448808	7	6	0
45	13	 1	 6	1	12455161	12456175	6	6	1
45	1	 5	 7	1	12463277	12465025	7	7	1
45	23	 3	 7	1	12477752	12479044	7	7	1
45	7	 3	 6	1	12525289	12528163	6	6	1
45	30	 2	 6	1	12534788	12535754	6	6	1
45	31	 3	 7	1	12542324	12543243	7	7	1
45	16	 4	 7	1	12556624	12557759	7	7	1
45	24	 4	 7	1	12593623	12594886	7	7	1
45	27	 7	 7	1	12609295	12610304	7	7	1
45	4	 8	 7	1	12622977	12624633	7	7	1
45	15	 3	 6	1	12659388	12661579	6	6	1
45	21	 1	 6	1	12710292	12712025	6	6	1
45	20	 8	 6	1	12719601	12721105	6	6	1
45	12	 8	 7	1	12729078	12730423	7	7	1
45	3	 7	 6	1	12735892	12736980	6	6	1
45	9	 5	 6	1	12772372	12773525	6	6	1
45	19	 7	 6	1	12779384	12783216	7	6	0
45	14	 2	 6	1	12791926	12793717	6	6	1
45	6	 2	 7	1	12807790	12809747	7	7	1
45	8	 4	 7	1	12816825	12821954	7	7	1
45	10	 6	 7	1	12829587	12830833	7	7	1
45	28	 8	 7	1	12837504	12839040	7	7	1
45	18	 6	 7	1	12847188	12847980	7	7	1
45	26	 6	 6	1	12871386	12875397	7	6	0
46	83	 9	 7	1	278498	280175	6	6	1
46	82	 9	 7	1	298977	300354	7	7	1
46	81	 9	 7	1	306283	307459	7	7	1
46	28	 1	 7	1	332884	334666	7	7	1
46	25	 6	 7	1	344934	346197	7	7	1
46	20	 1	 6	1	374816	376883	6	6	1
46	8	 5	 7	1	399152	400543	7	7	1
46	18	 7	 7	1	406542	407790	7	7	1
46	3	 8	 6	1	424724	426798	6	6	1
46	11	 8	 7	1	433908	435326	7	7	1
46	19	 8	 6	1	441593	443733	6	6	1
46	26	 7	 6	1	449708	451466	6	6	1
46	13	 2	 6	1	463222	465102	6	6	1
46	21	 2	 6	1	471122	472461	6	6	1
46	22	 3	 6	1	483258	485864	6	6	1
46	7	 4	 6	1	512793	514394	6	6	1
46	24	 5	 7	1	532191	533402	7	7	1
46	31	 4	 7	1	560725	562442	7	7	1
46	5	 2	 7	1	582016	583515	7	7	1
46	30	 3	 6	1	593707	594620	6	6	1
46	23	 4	 7	1	600377	601843	7	7	1
46	12	 1	 7	1	608731	610321	7	7	1
46	6	 3	 7	1	628702	632018	7	7	1
46	2	 7	 6	1	641362	644142	6	6	1
46	1	 6	 7	1	660045	661478	7	7	1
46	10	 7	 7	1	667668	669006	7	7	1
46	29	 2	 6	1	699059	700000	6	6	1
46	32	 5	 6	1	715599	716725	6	6	1
46	17	 6	 6	1	722467	726468	7	6	0
46	27	 8	 7	1	738981	740128	7	7	1
46	15	 4	 6	1	745632	747870	6	6	1
46	16	 5	 7	1	758234	759462	7	7	1
46	9	 6	 6	1	770582	771772	6	6	1
46	4	 1	 7	1	802741	805259	7	7	1
46	14	 3	 6	1	811231	813046	6	6	1
47	83	 9	 7	1	9360594	9363065	6	6	1
47	81	 9	 7	1	9384681	9386764	7	7	1
47	82	 9	 7	1	9393642	9395160	7	7	1
47	4	 2	 7	1	9412743	9413971	7	7	1
47	26	 8	 6	1	9427322	9429480	6	6	1
47	25	 7	 7	1	9444855	9446330	7	7	1
47	20	 2	 6	1	9452742	9454441	6	6	1
47	29	 3	 6	1	9465436	9466947	6	6	1
47	6	 4	 7	1	9474467	9476448	7	7	1
47	10	 8	 7	1	9496918	9498705	7	7	1
47	2	 8	 6	1	9505280	9507770	6	6	1
47	7	 5	 6	1	9527771	9530347	6	6	1
47	22	 4	 6	1	9538252	9542206	6	6	1
47	31	 5	 7	1	9560936	9566065	6	7	0
47	32	 6	 6	1	9574974	9576170	6	6	1
47	13	 3	 6	1	9613610	9614936	6	6	1
47	11	 1	 7	1	9622287	9623677	7	7	1
47	8	 6	 7	1	9648926	9651002	7	7	1
47	24	 6	 7	1	9673218	9675862	7	7	1
47	9	 7	 6	1	9689763	9691539	6	6	1
47	1	 7	 7	1	9730900	9732830	7	7	1
47	17	 7	 6	1	9740738	9741840	6	6	1
47	18	 8	 7	1	9764201	9765634	7	7	1
47	21	 3	 6	1	9777883	9779565	6	6	1
47	3	 1	 6	1	9796478	9797718	6	6	1
47	27	 1	 7	1	9808187	9811109	7	7	1
47	12	 2	 7	1	9832017	9836091	6	7	0
47	15	 5	 6	1	9848724	9849835	6	6	1
47	14	 4	 6	1	9858101	9859419	6	6	1
47	23	 5	 7	1	9864766	9865942	7	7	1
47	28	 2	 7	1	9885224	9887012	7	7	1
47	16	 6	 7	1	9894759	9896670	7	7	1
47	30	 4	 6	1	9901957	9903070	6	6	1
47	5	 3	 7	1	9909196	9910982	7	7	1
47	19	 1	 6	1	9926399	9929078	6	6	1
48	81	 9	 7	1	543848	546286	7	7	1
48	83	 9	 7	1	562714	564205	6	6	1
48	82	 9	 7	1	579225	581811	7	7	1
48	6	 5	 7	1	597970	599232	7	7	1
48	25	 8	 7	1	629615	631093	7	7	1
48	12	 3	 7	1	649925	652620	7	7	1
48	8	 7	 7	1	667406	670635	7	7	1
48	21	 4	 6	1	684587	686293	6	6	1
48	17	 8	 6	1	697118	698633	6	6	1
48	7	 6	 6	1	718220	723040	6	6	1
48	3	 2	 6	1	730105	731712	6	6	1
48	26	 1	 6	1	784585	786180	6	6	1
48	31	 6	 7	1	805718	806990	7	7	1
48	18	 1	 7	1	814989	816973	7	7	1
48	19	 2	 6	1	836012	842988	6	6	1
48	5	 4	 7	1	874203	876507	7	7	1
48	20	 3	 6	1	883625	886523	6	6	1
48	22	 5	 6	1	894498	896609	6	6	1
48	28	 3	 7	1	902665	905346	7	7	1
48	27	 2	 7	1	912765	914805	7	7	1
48	23	 6	 7	1	923046	924533	7	7	1
48	30	 5	 6	1	931101	932221	6	6	1
48	2	 1	 6	1	938492	940146	6	6	1
48	4	 3	 7	1	948709	950031	7	7	1
48	11	 2	 7	1	980402	981478	6	7	0
48	10	 1	 7	1	1020062	1021894	7	7	1
48	24	 7	 7	1	1043469	1044892	7	7	1
48	32	 7	 6	1	1070773	1072206	6	6	1
48	9	 8	 6	1	1086586	1088128	6	6	1
48	29	 4	 6	1	1132893	1134540	6	6	1
48	16	 7	 7	1	1140479	1142260	7	7	1
48	13	 4	 6	1	1149160	1150207	6	6	1
48	1	 8	 7	1	1162289	1164797	7	7	1
48	14	 5	 6	1	1171201	1179813	6	6	1
48	15	 6	 6	1	1211472	1213616	6	6	1
49	83	 9	 7	1	1750821	1753534	6	6	1
49	81	 9	 7	1	1767609	1769349	7	7	1
49	82	 9	 7	1	1782852	1784759	7	7	1
49	10	 2	 7	1	1809899	1811942	7	7	1
49	5	 5	 7	1	1838483	1840399	7	7	1
49	19	 3	 6	1	1856501	1860313	6	6	1
49	17	 1	 6	1	1876916	1878159	6	6	1
49	23	 7	 7	1	1891841	1893134	7	7	1
49	26	 2	 6	1	1920377	1922089	6	6	1
49	15	 7	 6	1	1935151	1937088	6	6	1
49	4	 4	 7	1	1944551	1946046	7	7	1
49	1	 1	 7	1	1952672	1954845	7	7	1
49	20	 4	 6	1	1961360	1963189	6	6	1
49	31	 7	 7	1	1972953	1974184	7	7	1
49	28	 4	 7	1	2007479	2009420	7	7	1
49	24	 8	 7	1	2018841	2021042	7	7	1
49	7	 7	 6	1	2044689	2048932	6	6	1
49	27	 3	 7	1	2065029	2066980	7	7	1
49	14	 6	 6	1	2082501	2083971	6	6	1
49	3	 3	 6	1	2097351	2099180	6	6	1
49	2	 2	 6	1	2121839	2123460	6	6	1
49	12	 4	 7	1	2187865	2189940	7	7	1
49	8	 8	 7	1	2196650	2198329	7	7	1
49	9	 1	 6	1	2219065	2220866	6	6	1
49	30	 6	 6	1	2235027	2236297	6	6	1
49	32	 8	 6	1	2243024	2244416	6	6	1
49	18	 2	 7	1	2275790	2277220	7	7	1
49	22	 6	 6	1	2293866	2295180	6	6	1
49	21	 5	 6	1	2328412	2332294	6	6	1
49	11	 3	 7	1	2340505	2344306	6	7	0
49	13	 5	 6	1	2371868	2373271	6	6	1
49	25	 1	 7	1	2379760	2381997	7	7	1
49	29	 5	 6	1	2391316	2393858	6	6	1
49	16	 8	 7	1	2428118	2430138	7	7	1
49	6	 6	 7	1	2447193	2452626	7	7	1
50	83	 9	 7	1	3705532	3708298	6	6	1
50	82	 9	 7	1	3722636	3724565	7	7	1
50	81	 9	 7	1	3740872	3743670	7	7	1
50	19	 4	 6	1	3771581	3776430	6	6	1
50	13	 6	 6	1	3828077	3830658	6	6	1
50	9	 2	 6	1	3842170	3846170	6	6	1
50	25	 2	 7	1	3863990	3865801	7	7	1
50	3	 4	 6	1	3881548	3883933	6	6	1
50	5	 6	 7	1	3898470	3901912	7	7	1
50	27	 4	 7	1	3911150	3913031	7	7	1
50	1	 2	 7	1	3923600	3926013	7	7	1
50	24	 1	 7	1	3943233	3946982	7	7	1
50	31	 8	 7	1	3957322	3959495	7	7	1
50	29	 6	 6	1	3976118	3978048	6	6	1
50	2	 3	 6	1	3987653	3991107	6	6	1
50	22	 7	 6	1	4001438	4003221	6	6	1
50	30	 7	 6	1	4017142	4018639	6	6	1
50	26	 3	 6	1	4039696	4041832	6	6	1
50	7	 8	 6	1	4094807	4099089	7	6	0
50	8	 1	 7	1	4138359	4140173	7	7	1
50	32	 1	 6	1	4178898	4180499	6	6	1
50	6	 7	 7	1	4187532	4189204	7	7	1
50	16	 1	 7	1	4196678	4198918	7	7	1
50	18	 3	 7	1	4220030	4223178	7	7	1
50	23	 8	 7	1	4239332	4241142	7	7	1
50	10	 3	 7	1	4254422	4256414	7	7	1
50	20	 5	 6	1	4283459	4286148	6	6	1
50	4	 5	 7	1	4300601	4302088	7	7	1
50	17	 2	 6	1	4314117	4317482	6	6	1
50	12	 5	 7	1	4340194	4343566	7	7	1
50	15	 8	 6	1	4357189	4359149	6	6	1
50	14	 7	 6	1	4388982	4390931	6	6	1
50	21	 6	 6	1	4398651	4400554	6	6	1
50	28	 5	 7	1	4432468	4434720	7	7	1
50	11	 4	 7	1	4448301	4451181	7	7	1
51	83	 9	 7	1	4875687	4877889	6	6	1
51	81	 9	 7	1	4900496	4903264	7	7	1
51	82	 9	 7	1	4911224	4913284	7	7	1
51	7	 1	 6	1	4921180	4930503	7	6	0
51	17	 3	 6	1	4938224	4939679	6	6	1
51	9	 3	 6	1	4948102	4950344	6	6	1
51	14	 8	 6	1	4972711	4974137	6	6	1
51	23	 1	 7	1	4981234	4982943	7	7	1
51	1	 3	 7	1	4991799	4993908	7	7	1
51	16	 2	 7	1	5001053	5002650	7	7	1
51	12	 6	 7	1	5034865	5037136	7	7	1
51	6	 8	 7	1	5057623	5060195	7	7	1
51	22	 8	 6	1	5076509	5078442	6	6	1
51	29	 7	 6	1	5087308	5088426	6	6	1
51	24	 2	 7	1	5105026	5107037	7	7	1
51	11	 5	 7	1	5116353	5118009	7	7	1
51	19	 5	 6	1	5134597	5138727	6	6	1
51	26	 4	 6	1	5146273	5152037	6	6	1
51	27	 5	 7	1	5194170	5195728	7	7	1
51	3	 5	 6	1	5258353	5260389	6	6	1
51	10	 4	 7	1	5313714	5317573	7	7	1
51	30	 8	 6	1	5377101	5378625	6	6	1
51	32	 2	 6	1	5386498	5387527	6	6	1
51	25	 3	 7	1	5400437	5402178	7	7	1
51	8	 2	 7	1	5421570	5422947	7	7	1
51	15	 1	 6	1	5429773	5430922	6	6	1
51	20	 6	 6	1	5437928	5439944	6	6	1
51	13	 7	 6	1	5463022	5464039	6	6	1
51	18	 4	 7	1	5476260	5478906	7	7	1
51	2	 4	 6	1	5484749	5485947	6	6	1
51	21	 7	 6	1	5492762	5495231	6	6	1
51	28	 6	 7	1	5520946	5522984	7	7	1
51	31	 1	 7	1	5532255	5533763	7	7	1
51	4	 6	 7	1	5543258	5546328	7	7	1
51	5	 7	 7	1	5553671	5556000	7	7	1
52	83	 9	 7	1	9508231	9511770	6	6	1
52	82	 9	 7	1	9526937	9531039	7	7	1
52	81	 9	 7	1	9541758	9544634	7	7	1
52	5	 8	 7	1	9584144	9586616	7	7	1
52	4	 7	 7	1	9612016	9614876	7	7	1
52	30	 1	 6	1	9633344	9635125	6	6	1
52	21	 8	 6	1	9657332	9659682	6	6	1
52	9	 4	 6	1	9681257	9683096	6	6	1
52	15	 2	 6	1	9692812	9694843	6	6	1
52	24	 3	 7	1	9719558	9722863	7	7	1
52	7	 2	 6	1	9733403	9735704	6	6	1
52	19	 6	 6	1	9745667	9748527	6	6	1
52	10	 5	 7	1	9756317	9758130	7	7	1
52	26	 5	 6	1	9768624	9770434	6	6	1
52	18	 5	 7	1	9776439	9777975	7	7	1
52	1	 4	 7	1	9790890	9794576	7	7	1
52	3	 6	 6	1	9807745	9809541	6	6	1
52	32	 3	 6	1	9854234	9855896	6	6	1
52	11	 6	 7	1	9864908	9870246	7	7	1
52	25	 4	 7	1	9878607	9880246	7	7	1
52	8	 3	 7	1	9888421	9889937	7	7	1
52	29	 8	 6	1	9902563	9904227	6	6	1
52	14	 1	 6	1	9916921	9918810	6	6	1
52	6	 1	 7	1	9936599	9938503	7	7	1
52	20	 7	 6	1	9979281	9980861	6	6	1
52	17	 4	 6	1	10005448	10007046	6	6	1
52	28	 7	 7	1	10012786	10014415	7	7	1
52	27	 6	 7	1	10040645	10043375	7	7	1
52	16	 3	 7	1	10048732	10050437	7	7	1
52	31	 2	 7	1	10056549	10057957	7	7	1
52	22	 1	 6	1	10072657	10073900	6	6	1
52	12	 7	 7	1	10116185	10118068	7	7	1
52	13	 8	 6	1	10157545	10159096	6	6	1
52	2	 5	 6	1	10166728	10168671	6	6	1
52	23	 2	 7	1	10176292	10177588	7	7	1
53	83	 9	 7	1	10922566	10925641	6	6	1
53	82	 9	 7	1	10957915	10961315	7	7	1
53	81	 9	 7	1	11034268	11036780	7	7	1
53	15	 3	 6	1	11047718	11049998	6	6	1
53	11	 7	 7	1	11080896	11084640	7	7	1
53	9	 5	 6	1	11109046	11110732	6	6	1
53	14	 2	 6	1	11147363	11150805	7	6	0
53	22	 2	 6	1	11186445	11188352	6	6	1
53	19	 7	 6	1	11222134	11224585	6	6	1
53	5	 1	 7	1	11251387	11253989	7	7	1
53	13	 1	 6	1	11425869	11427235	6	6	1
53	23	 3	 7	1	11452656	11454423	7	7	1
53	3	 7	 6	1	11557045	11560132	6	6	1
53	24	 4	 7	1	11570104	11573440	7	7	1
53	29	 1	 6	1	11590176	11592147	6	6	1
53	18	 6	 7	1	11608063	11610490	7	7	1
53	4	 8	 7	1	11619546	11621186	7	7	1
53	31	 3	 7	1	11636344	11637634	7	7	1
53	6	 2	 7	1	11646114	11649091	7	7	1
53	27	 7	 7	1	11678524	11679808	7	7	1
53	2	 6	 6	1	11721930	11724119	6	6	1
53	30	 2	 6	1	11749987	11751129	6	6	1
53	28	 8	 7	1	11761907	11764327	7	7	1
53	8	 4	 7	1	11776363	11778004	7	7	1
53	21	 1	 6	1	11831994	11833990	6	6	1
53	1	 5	 7	1	11857168	11858756	7	7	1
53	10	 6	 7	1	11900678	11902417	7	7	1
53	26	 6	 6	1	11911312	11913814	6	6	1
53	32	 4	 6	1	11964159	11965813	6	6	1
53	25	 5	 7	1	11974104	11975651	7	7	1
53	7	 3	 6	1	12012402	12014627	6	6	1
53	16	 4	 7	1	12033010	12034839	7	7	1
53	20	 8	 6	1	12071687	12074089	6	6	1
53	12	 8	 7	1	12085416	12087542	7	7	1
53	17	 5	 6	1	12100633	12102274	6	6	1
54	81	 9	 7	1	10010758	10012529	7	7	1
54	82	 9	 7	1	10019962	10021414	7	7	1
54	83	 9	 7	1	10029196	10030447	6	6	1
54	25	 6	 7	1	10075927	10079187	7	7	1
54	10	 7	 7	1	10092233	10094278	7	7	1
54	15	 4	 6	1	10099717	10101478	6	6	1
54	27	 8	 7	1	10107219	10108843	7	7	1
54	9	 6	 6	1	10116136	10117391	6	6	1
54	8	 5	 7	1	10133223	10134757	7	7	1
54	18	 7	 7	1	10148617	10150284	7	7	1
54	11	 8	 7	1	10164801	10167158	7	7	1
54	7	 4	 6	1	10201074	10202969	6	6	1
54	21	 2	 6	1	10213392	10215657	6	6	1
54	32	 5	 6	1	10227678	10229179	6	6	1
54	14	 3	 6	1	10252549	10254727	6	6	1
54	22	 3	 6	1	10265374	10266871	7	6	0
54	12	 1	 7	1	10296624	10298047	7	7	1
54	4	 1	 7	1	10315420	10316514	7	7	1
54	19	 8	 6	1	10341332	10343102	7	6	0
54	24	 5	 7	1	10349501	10351102	7	7	1
54	28	 1	 7	1	10357433	10358894	7	7	1
54	31	 4	 7	1	10364545	10367451	7	7	1
54	13	 2	 6	1	10378951	10379842	6	6	1
54	1	 6	 7	1	10387071	10388810	7	7	1
54	30	 3	 6	1	10393501	10394404	6	6	1
54	16	 5	 7	1	10403485	10404683	7	7	1
54	17	 6	 6	1	10427331	10429075	6	6	1
54	5	 2	 7	1	10444041	10445423	7	7	1
54	23	 4	 7	1	10460428	10461453	7	7	1
54	6	 3	 7	1	10466170	10467462	7	7	1
54	20	 1	 6	1	10484594	10486729	6	6	1
54	3	 8	 6	1	10497071	10498190	6	6	1
54	26	 7	 6	1	10506969	10508182	6	6	1
54	2	 7	 6	1	10516628	10518535	6	6	1
54	29	 2	 6	1	10530516	10531680	6	6	1
55	82	 9	 7	1	8644542	8647804	6	7	0
55	83	 9	 7	1	8669463	8671426	6	6	1
55	81	 9	 7	1	8678279	8679711	7	7	1
55	31	 5	 7	1	8693687	8694982	7	7	1
55	22	 4	 6	1	8798854	8801248	6	6	1
55	8	 6	 7	1	8818833	8821409	7	7	1
55	27	 1	 7	1	8846792	8848429	7	7	1
55	11	 1	 7	1	8860565	8862788	7	7	1
55	26	 8	 6	1	8871172	8872916	6	6	1
55	6	 4	 7	1	8889519	8890769	7	7	1
55	14	 4	 6	1	8903376	8905219	6	6	1
55	2	 8	 6	1	8922716	8924380	6	6	1
55	9	 7	 6	1	8935282	8937368	6	6	1
55	19	 1	 6	1	8943279	8949015	7	6	0
55	32	 6	 6	1	8955001	8957155	6	6	1
55	28	 2	 7	1	8968761	8971843	7	7	1
55	10	 8	 7	1	9009322	9010499	7	7	1
55	12	 2	 7	1	9024109	9025659	7	7	1
55	21	 3	 6	1	9035803	9037568	6	6	1
55	25	 7	 7	1	9051838	9053175	7	7	1
55	13	 3	 6	1	9072828	9073898	6	6	1
55	17	 7	 6	1	9106069	9107451	6	6	1
55	30	 4	 6	1	9136507	9137448	6	6	1
55	29	 3	 6	1	9146033	9147985	6	6	1
55	5	 3	 7	1	9170609	9173076	7	7	1
55	15	 5	 6	1	9191520	9192875	6	6	1
55	7	 5	 6	1	9199858	9204085	6	6	1
55	23	 5	 7	1	9210678	9211720	7	7	1
55	24	 6	 7	1	9226002	9227893	7	7	1
55	1	 7	 7	1	9234995	9236454	7	7	1
55	20	 2	 6	1	9259686	9261414	6	6	1
55	16	 6	 7	1	9271516	9277070	7	7	1
55	3	 1	 6	1	9291934	9293431	6	6	1
55	18	 8	 7	1	9301221	9302551	7	7	1
55	4	 2	 7	1	9311332	9312698	7	7	1
56	83	 9	 7	1	41740	43871	6	6	1
56	82	 9	 7	1	59336	61587	7	7	1
56	81	 9	 7	1	81423	82990	7	7	1
56	3	 2	 6	1	89900	91809	6	6	1
56	16	 7	 7	1	116039	118140	7	7	1
56	1	 8	 7	1	138979	141119	7	7	1
56	31	 6	 7	1	175750	177538	7	7	1
56	11	 2	 7	1	187755	191882	7	7	1
56	21	 4	 6	1	225665	227654	6	6	1
56	18	 1	 7	1	272103	275002	7	7	1
56	5	 4	 7	1	306900	309594	7	7	1
56	12	 3	 7	1	316269	318282	7	7	1
56	2	 1	 6	1	325066	327336	6	6	1
56	32	 7	 6	1	340152	341916	6	6	1
56	28	 3	 7	1	366258	368824	7	7	1
56	23	 6	 7	1	375334	376894	7	7	1
56	9	 8	 6	1	387710	390239	6	6	1
56	29	 4	 6	1	443729	445417	6	6	1
56	20	 3	 6	1	459340	461019	6	6	1
56	30	 5	 6	1	496623	498029	6	6	1
56	22	 5	 6	1	510619	511984	6	6	1
56	25	 8	 7	1	520055	521750	7	7	1
56	13	 4	 6	1	532119	535279	6	6	1
56	6	 5	 7	1	547906	549727	7	7	1
56	14	 5	 6	1	556557	558773	6	6	1
56	26	 1	 6	1	569242	571457	6	6	1
56	4	 3	 7	1	594142	595501	7	7	1
56	19	 2	 6	1	611053	616043	7	6	0
56	24	 7	 7	1	643313	648972	7	7	1
56	17	 8	 6	1	699205	701274	6	6	1
56	15	 6	 6	1	719140	721881	6	6	1
56	10	 1	 7	1	730375	732313	7	7	1
56	8	 7	 7	1	753975	755785	7	7	1
56	27	 2	 7	1	762165	763506	7	7	1
56	7	 6	 6	1	773156	775386	6	6	1
57	82	 9	 7	1	11755032	11759397	6	7	0
57	81	 9	 7	1	11785266	11789010	6	7	0
57	83	 9	 7	1	11797602	11799150	6	6	1
57	29	 5	 6	1	11824370	11825963	6	6	1
57	1	 1	 7	1	11865667	11867200	7	7	1
57	25	 1	 7	1	11892705	11894522	7	7	1
57	24	 8	 7	1	11953871	11956603	6	7	0
57	18	 2	 7	1	11964479	11966891	7	7	1
57	7	 7	 6	1	11985479	11989398	6	6	1
57	30	 6	 6	1	11996652	11997948	6	6	1
57	20	 4	 6	1	12021271	12024315	6	6	1
57	14	 6	 6	1	12034346	12037062	6	6	1
57	5	 5	 7	1	12052008	12054740	7	7	1
57	6	 6	 7	1	12063693	12065544	7	7	1
57	31	 7	 7	1	12080707	12082254	7	7	1
57	21	 5	 6	1	12099369	12101436	6	6	1
57	3	 3	 6	1	12160428	12161991	6	6	1
57	8	 8	 7	1	12187455	12191042	7	7	1
57	28	 4	 7	1	12198818	12200899	7	7	1
57	16	 8	 7	1	12209344	12211298	7	7	1
57	12	 4	 7	1	12233970	12235677	7	7	1
57	22	 6	 6	1	12285341	12287785	6	6	1
57	13	 5	 6	1	12312673	12314104	6	6	1
57	32	 8	 6	1	12328969	12331154	6	6	1
57	2	 2	 6	1	12339652	12342183	6	6	1
57	26	 2	 6	1	12358617	12363629	7	6	0
57	10	 2	 7	1	12371824	12375265	7	7	1
57	19	 3	 6	1	12384141	12388897	6	6	1
57	4	 4	 7	1	12395674	12396939	7	7	1
57	11	 3	 7	1	12405156	12406809	7	7	1
57	9	 1	 6	1	12443432	12445287	6	6	1
57	27	 3	 7	1	12473967	12475365	7	7	1
57	17	 1	 6	1	12483901	12486957	6	6	1
57	23	 7	 7	1	12494806	12496224	7	7	1
57	15	 7	 6	1	12510611	12512545	6	6	1
58	82	 9	 7	1	13754810	13756846	7	7	1
58	81	 9	 7	1	13767888	13769363	7	7	1
58	83	 9	 7	1	13780050	13781672	6	6	1
58	26	 3	 6	1	13797573	13800087	6	6	1
58	31	 8	 7	1	13807626	13808678	7	7	1
58	5	 6	 7	1	13818864	13820475	7	7	1
58	17	 2	 6	1	13828089	13829709	6	6	1
58	6	 7	 7	1	13861605	13863756	7	7	1
58	20	 5	 6	1	13892371	13894760	6	6	1
58	2	 3	 6	1	13915446	13917577	6	6	1
58	18	 3	 7	1	13960052	13961606	7	7	1
58	25	 2	 7	1	13968149	13969934	7	7	1
58	1	 2	 7	1	13979859	13981277	7	7	1
58	23	 8	 7	1	14020626	14021703	7	7	1
58	22	 7	 6	1	14035819	14036946	6	6	1
58	16	 1	 7	1	14084657	14086102	7	7	1
58	29	 6	 6	1	14093208	14095305	6	6	1
58	21	 6	 6	1	14103136	14104526	6	6	1
58	32	 1	 6	1	14116376	14117655	6	6	1
58	24	 1	 7	1	14143900	14145441	7	7	1
58	4	 5	 7	1	14154660	14156335	7	7	1
58	15	 8	 6	1	14164669	14166782	6	6	1
58	28	 5	 7	1	14174435	14175791	7	7	1
58	10	 3	 7	1	14186470	14187915	7	7	1
58	12	 5	 7	1	14219189	14220447	7	7	1
58	8	 1	 7	1	14229972	14231199	7	7	1
58	19	 4	 6	1	14238624	14239909	6	6	1
58	3	 4	 6	1	14253478	14254709	6	6	1
58	27	 4	 7	1	14269792	14270993	7	7	1
58	30	 7	 6	1	14285514	14286327	6	6	1
58	9	 2	 6	1	14295956	14296915	6	6	1
58	13	 6	 6	1	14325408	14326718	6	6	1
58	14	 7	 6	1	14335423	14338232	6	6	1
58	7	 8	 6	1	14387364	14390614	6	6	1
58	11	 4	 7	1	14413416	14414735	7	7	1
59	81	 9	 7	1	2196561	2199742	6	7	0
59	82	 9	 7	1	2224563	2226691	7	7	1
59	83	 9	 7	1	2232995	2234596	6	6	1
59	17	 3	 6	1	2256176	2257839	6	6	1
59	14	 8	 6	1	2265603	2267752	6	6	1
59	31	 1	 7	1	2302103	2304399	7	7	1
59	18	 4	 7	1	2324072	2325820	7	7	1
59	30	 8	 6	1	2332125	2333489	6	6	1
59	29	 7	 6	1	2344606	2345867	6	6	1
59	12	 6	 7	1	2373390	2374983	7	7	1
59	23	 1	 7	1	2399756	2401779	7	7	1
59	10	 4	 7	1	2409488	2413124	7	7	1
59	20	 6	 6	1	2445003	2447344	6	6	1
59	21	 7	 6	1	2462081	2464985	6	6	1
59	3	 5	 6	1	2480969	2482224	6	6	1
59	28	 6	 7	1	2509875	2511464	7	7	1
59	4	 6	 7	1	2517781	2519440	7	7	1
59	25	 3	 7	1	2529151	2531139	7	7	1
59	26	 4	 6	1	2537539	2539742	6	6	1
59	27	 5	 7	1	2547473	2548936	7	7	1
59	2	 4	 6	1	2565917	2568070	6	6	1
59	8	 2	 7	1	2584963	2586477	7	7	1
59	13	 7	 6	1	2593062	2594143	6	6	1
59	15	 1	 6	1	2601415	2605347	7	6	0
59	9	 3	 6	1	2625425	2626827	6	6	1
59	1	 3	 7	1	2668135	2670194	6	7	0
59	5	 7	 7	1	2678908	2680908	7	7	1
59	19	 5	 6	1	2694728	2697852	6	6	1
59	24	 2	 7	1	2705386	2706796	7	7	1
59	16	 2	 7	1	2712716	2714374	7	7	1
59	11	 5	 7	1	2721039	2723434	7	7	1
59	7	 1	 6	1	2739162	2741403	6	6	1
59	32	 2	 6	1	2757046	2758312	6	6	1
59	22	 8	 6	1	2775891	2777148	6	6	1
59	6	 8	 7	1	2786430	2787920	7	7	1
60	81	 9	 7	1	1972985	1977653	7	7	1
60	83	 9	 7	1	2006163	2008857	6	6	1
60	82	 9	 7	1	2025021	2026963	7	7	1
60	5	 8	 7	1	2035482	2038903	7	7	1
60	4	 7	 7	1	2046016	2048099	7	7	1
60	21	 8	 6	1	2063728	2066027	6	6	1
60	10	 5	 7	1	2076226	2079350	7	7	1
60	14	 1	 6	1	2090390	2094508	7	6	0
60	31	 2	 7	1	2130650	2132512	7	7	1
60	30	 1	 6	1	2166896	2168979	6	6	1
60	25	 4	 7	1	2193056	2194645	7	7	1
60	19	 6	 6	1	2202732	2207682	6	6	1
60	27	 6	 7	1	2217290	2220684	7	7	1
60	6	 1	 7	1	2231553	2235161	6	7	0
60	7	 2	 6	1	2272623	2278391	6	6	1
60	22	 1	 6	1	2292496	2296418	7	6	0
60	3	 6	 6	1	2322958	2326124	6	6	1
60	28	 7	 7	1	2336060	2338971	7	7	1
60	29	 8	 6	1	2352669	2357642	6	6	1
60	15	 2	 6	1	2431954	2435289	6	6	1
60	8	 3	 7	1	2444141	2446567	7	7	1
60	24	 3	 7	1	2487975	2491773	7	7	1
60	32	 3	 6	1	2510590	2513293	6	6	1
60	2	 5	 6	1	2519135	2521910	6	6	1
60	17	 4	 6	1	2532865	2534574	6	6	1
60	16	 3	 7	1	2551115	2554745	7	7	1
60	18	 5	 7	1	2610019	2612378	7	7	1
60	9	 4	 6	1	2690333	2693835	6	6	1
60	26	 5	 6	1	2717665	2722076	7	6	0
60	12	 7	 7	1	2734148	2736750	7	7	1
60	11	 6	 7	1	2742686	2744795	7	7	1
60	13	 8	 6	1	2760650	2763188	6	6	1
60	1	 4	 7	1	2769467	2770737	7	7	1
60	23	 2	 7	1	2785843	2787323	7	7	1
60	20	 7	 6	1	2795263	2797524	6	6	1
61	81	 9	 7	1	7572365	7575588	6	7	0
61	83	 9	 7	1	7588841	7590231	6	6	1
61	82	 9	 7	1	7598823	7600743	7	7	1
61	18	 6	 7	1	7624718	7626528	7	7	1
61	16	 4	 7	1	7633041	7634449	7	7	1
61	7	 3	 6	1	7667277	7669909	6	6	1
61	22	 2	 6	1	7679899	7681507	6	6	1
61	17	 5	 6	1	7698666	7700830	6	6	1
61	25	 5	 7	1	7707769	7709206	7	7	1
61	14	 2	 6	1	7756199	7760008	6	6	1
61	13	 1	 6	1	7796795	7797588	6	6	1
61	30	 2	 6	1	7803501	7804448	6	6	1
61	11	 7	 7	1	7815523	7816826	6	7	0
61	20	 8	 6	1	7825208	7826710	6	6	1
61	29	 1	 6	1	7832738	7833897	6	6	1
61	1	 5	 7	1	7845666	7848308	7	7	1
61	6	 2	 7	1	7871948	7872996	7	7	1
61	23	 3	 7	1	7878145	7879259	7	7	1
61	12	 8	 7	1	7890657	7891824	7	7	1
61	10	 6	 7	1	7908760	7912122	7	7	1
61	31	 3	 7	1	7922733	7923811	7	7	1
61	26	 6	 6	1	7940150	7943457	6	6	1
61	2	 6	 6	1	7957071	7958497	6	6	1
61	9	 5	 6	1	7965731	7966949	6	6	1
61	28	 8	 7	1	8006284	8008147	7	7	1
61	15	 3	 6	1	8025288	8026599	6	6	1
61	27	 7	 7	1	8034847	8037290	7	7	1
61	8	 4	 7	1	8054034	8055384	7	7	1
61	4	 8	 7	1	8071735	8072384	7	7	1
61	5	 1	 7	1	8081438	8082625	7	7	1
61	32	 4	 6	1	8106981	8108071	6	6	1
61	19	 7	 6	1	8119467	8121494	6	6	1
61	21	 1	 6	1	8133653	8135295	6	6	1
61	3	 7	 6	1	8141424	8142562	6	6	1
61	24	 4	 7	1	8158159	8159623	7	7	1
62	83	 9	 7	1	151146	154194	6	6	1
62	81	 9	 7	1	173092	176097	6	7	0
62	82	 9	 7	1	183514	185146	7	7	1
62	22	 3	 6	1	194365	195345	6	6	1
62	9	 6	 6	1	207190	209663	6	6	1
62	27	 8	 7	1	237787	239996	7	7	1
62	23	 4	 7	1	297360	299002	7	7	1
62	2	 7	 6	1	320231	323358	6	6	1
62	6	 3	 7	1	376161	379985	7	7	1
62	24	 5	 7	1	403490	404767	7	7	1
62	19	 8	 6	1	410717	416237	7	6	0
62	4	 1	 7	1	422852	423777	7	7	1
62	7	 4	 6	1	430280	431715	6	6	1
62	29	 2	 6	1	452083	453239	6	6	1
62	17	 6	 6	1	461783	463484	6	6	1
62	10	 7	 7	1	486987	489376	7	7	1
62	8	 5	 7	1	502779	511763	7	7	1
62	32	 5	 6	1	539871	542403	6	6	1
62	14	 3	 6	1	574653	576205	6	6	1
62	25	 6	 7	1	582151	583943	7	7	1
62	12	 1	 7	1	591308	593050	7	7	1
62	1	 6	 7	1	609663	611368	7	7	1
62	26	 7	 6	1	622815	625593	6	6	1
62	20	 1	 6	1	661907	663356	6	6	1
62	5	 2	 7	1	668831	670908	7	7	1
62	11	 8	 7	1	709977	710789	7	7	1
62	13	 2	 6	1	729574	730443	6	6	1
62	15	 4	 6	1	735698	737038	6	6	1
62	16	 5	 7	1	748754	750755	7	7	1
62	3	 8	 6	1	759556	760579	6	6	1
62	30	 3	 6	1	775166	776435	6	6	1
62	21	 2	 6	1	784496	786443	6	6	1
62	31	 4	 7	1	809320	810508	7	7	1
62	28	 1	 7	1	817295	820840	7	7	1
62	18	 7	 7	1	855923	857070	7	7	1
63	82	 9	 7	1	10056606	10059430	7	7	1
63	81	 9	 7	1	10079769	10081470	7	7	1
63	83	 9	 7	1	10104116	10105616	6	6	1
63	16	 6	 7	1	10145560	10148500	7	7	1
63	26	 8	 6	1	10275739	10278092	6	6	1
63	27	 1	 7	1	10324582	10326604	7	7	1
63	19	 1	 6	1	10367956	10373133	7	6	0
63	9	 7	 6	1	10393805	10395677	6	6	1
63	18	 8	 7	1	10415056	10416820	7	7	1
63	25	 7	 7	1	10423347	10424552	7	7	1
63	30	 4	 6	1	10431876	10433039	6	6	1
63	20	 2	 6	1	10451605	10452913	6	6	1
63	10	 8	 7	1	10473018	10474945	7	7	1
63	2	 8	 6	1	10497177	10500436	6	6	1
63	13	 3	 6	1	10523531	10524952	6	6	1
63	14	 4	 6	1	10533244	10534644	6	6	1
63	28	 2	 7	1	10544604	10546115	7	7	1
63	8	 6	 7	1	10578514	10579713	7	7	1
63	15	 5	 6	1	10590091	10592192	6	6	1
63	7	 5	 6	1	10601654	10605364	6	6	1
63	3	 1	 6	1	10673752	10674817	6	6	1
63	29	 3	 6	1	10691654	10692818	7	6	0
63	32	 6	 6	1	10710023	10711601	6	6	1
63	23	 5	 7	1	10721047	10722125	7	7	1
63	31	 5	 7	1	10742519	10743782	7	7	1
63	17	 7	 6	1	10797287	10799961	6	6	1
63	22	 4	 6	1	10818637	10819674	6	6	1
63	11	 1	 7	1	10825430	10827487	7	7	1
63	24	 6	 7	1	10848917	10850545	7	7	1
63	21	 3	 6	1	10862465	10864638	6	6	1
63	6	 4	 7	1	10873691	10874832	6	7	0
63	1	 7	 7	1	10883710	10885282	6	7	0
63	4	 2	 7	1	10909919	10911594	6	7	0
63	5	 3	 7	1	10925361	10927312	7	7	1
63	12	 2	 7	1	10940068	10941240	7	7	1
64	83	 9	 7	1	235703	237382	6	6	1
64	81	 9	 7	1	258248	260036	7	7	1
64	82	 9	 7	1	267243	268823	7	7	1
64	29	 4	 6	1	293430	294757	6	6	1
64	32	 7	 6	1	302675	304000	6	6	1
64	12	 3	 7	1	316126	317741	7	7	1
64	20	 3	 6	1	323880	325142	6	6	1
64	1	 8	 7	1	340997	343651	7	7	1
64	25	 8	 7	1	349018	353211	7	7	1
64	6	 5	 7	1	359699	361227	7	7	1
64	19	 2	 6	1	368332	370821	7	6	0
64	23	 6	 7	1	390693	391874	7	7	1
64	3	 2	 6	1	416438	418284	6	6	1
64	2	 1	 6	1	429536	431547	6	6	1
64	30	 5	 6	1	452601	453760	6	6	1
64	22	 5	 6	1	468778	469641	6	6	1
64	18	 1	 7	1	489076	491731	7	7	1
64	11	 2	 7	1	497508	498952	6	7	0
64	15	 6	 6	1	509233	510429	6	6	1
64	16	 7	 7	1	519734	521506	7	7	1
64	13	 4	 6	1	546555	547472	6	6	1
64	10	 1	 7	1	552561	553984	7	7	1
64	28	 3	 7	1	559365	560649	7	7	1
64	21	 4	 6	1	575832	577064	6	6	1
64	27	 2	 7	1	582412	583510	6	7	0
64	24	 7	 7	1	615083	616548	7	7	1
64	9	 8	 6	1	638504	639622	6	6	1
64	26	 1	 6	1	649922	651040	6	6	1
64	7	 6	 6	1	656701	658246	6	6	1
64	14	 5	 6	1	663879	666542	6	6	1
64	17	 8	 6	1	683423	684263	6	6	1
64	8	 7	 7	1	694511	696255	7	7	1
64	4	 3	 7	1	737533	738649	7	7	1
64	5	 4	 7	1	744084	745593	7	7	1
64	31	 6	 7	1	751244	752158	7	7	1
